
SUMMARISING RUN PARAMETERS
==========================
Input filename: mouse_46_trimmed_1.fastq.gz
Trimming mode: paired-end
Trim Galore version: 0.6.7
Cutadapt version: 3.4
Python version: could not detect
Number of cores used for trimming: 8
Quality Phred score cutoff: 20
Quality encoding type selected: ASCII+33
Using Illumina adapter for trimming (count: 532702). Second best hit was Nextera (count: 11)
Adapter sequence: 'AGATCGGAAGAGC' (Illumina TruSeq, Sanger iPCR; auto-detected)
Maximum trimming error rate: 0.1 (default)
Minimum required adapter overlap (stringency): 1 bp
Minimum required sequence length for both reads before a sequence pair gets removed: 20 bp
Running FastQC on the data once trimming has completed
Running FastQC with the following extra arguments: -t 12
Output file will be GZIP compressed


This is cutadapt 3.4 with Python 3.9.6
Command line parameters: -j 8 -e 0.1 -q 20 -O 1 -a AGATCGGAAGAGC mouse_46_trimmed_1.fastq.gz
Processing reads on 8 cores in single-end mode ...
Finished in 23.49 s (2 µs/read; 25.54 M reads/minute).

=== Summary ===

Total reads processed:              10,000,000
Reads with adapters:                 7,208,047 (72.1%)
Reads written (passing filters):    10,000,000 (100.0%)

Total basepairs processed: 1,500,000,000 bp
Quality-trimmed:              19,670,327 bp (1.3%)
Total written (filtered):    884,288,953 bp (59.0%)

=== Adapter 1 ===

Sequence: AGATCGGAAGAGC; Type: regular 3'; Length: 13; Trimmed: 7208047 times

No. of allowed errors:
1-9 bp: 0; 10-13 bp: 1

Bases preceding removed adapters:
  A: 5.2%
  C: 71.0%
  G: 18.8%
  T: 4.2%
  none/other: 0.8%

Overview of removed sequences
length	count	expect	max.err	error counts
1	678284	2500000.0	0	678284
2	210656	625000.0	0	210656
3	111074	156250.0	0	111074
4	59731	39062.5	0	59731
5	52274	9765.6	0	52274
6	51729	2441.4	0	51729
7	42851	610.4	0	42851
8	42675	152.6	0	42675
9	50198	38.1	0	50112 86
10	47669	9.5	1	46268 1401
11	48345	2.4	1	47454 891
12	43429	0.6	1	42647 782
13	42519	0.1	1	41585 934
14	47731	0.1	1	46667 1064
15	40566	0.1	1	39596 970
16	46767	0.1	1	45573 1194
17	44085	0.1	1	42545 1540
18	35181	0.1	1	34433 748
19	41388	0.1	1	40442 946
20	37214	0.1	1	36269 945
21	41383	0.1	1	39989 1394
22	34015	0.1	1	33316 699
23	35381	0.1	1	34653 728
24	37987	0.1	1	37244 743
25	34168	0.1	1	33344 824
26	37534	0.1	1	36727 807
27	37588	0.1	1	36626 962
28	42406	0.1	1	41126 1280
29	42944	0.1	1	41872 1072
30	36972	0.1	1	36269 703
31	38287	0.1	1	37413 874
32	36582	0.1	1	35725 857
33	31850	0.1	1	31126 724
34	33007	0.1	1	31945 1062
35	25495	0.1	1	24837 658
36	29240	0.1	1	28670 570
37	32023	0.1	1	31332 691
38	29058	0.1	1	28360 698
39	30780	0.1	1	29862 918
40	32151	0.1	1	31013 1138
41	28668	0.1	1	27996 672
42	31423	0.1	1	30310 1113
43	30367	0.1	1	29105 1262
44	72836	0.1	1	69671 3165
45	26829	0.1	1	25546 1283
46	86662	0.1	1	84350 2312
47	54211	0.1	1	52175 2036
48	62555	0.1	1	60734 1821
49	62341	0.1	1	60905 1436
50	19704	0.1	1	18771 933
51	93939	0.1	1	91926 2013
52	16333	0.1	1	15739 594
53	6010	0.1	1	5700 310
54	10566	0.1	1	10165 401
55	2958	0.1	1	2711 247
56	23709	0.1	1	22918 791
57	4281	0.1	1	4026 255
58	16048	0.1	1	15421 627
59	31387	0.1	1	30481 906
60	6066	0.1	1	5701 365
61	19863	0.1	1	19146 717
62	13556	0.1	1	13042 514
63	3443	0.1	1	3231 212
64	14587	0.1	1	13955 632
65	23639	0.1	1	22867 772
66	17314	0.1	1	16750 564
67	2865	0.1	1	2697 168
68	9879	0.1	1	9517 362
69	11437	0.1	1	11078 359
70	16232	0.1	1	15719 513
71	14771	0.1	1	14357 414
72	13623	0.1	1	13268 355
73	5104	0.1	1	4960 144
74	3483	0.1	1	3285 198
75	5997	0.1	1	5659 338
76	10883	0.1	1	10364 519
77	14859	0.1	1	14073 786
78	15564	0.1	1	14868 696
79	17088	0.1	1	15981 1107
80	18355	0.1	1	16975 1380
81	16993	0.1	1	14859 2134
82	17644	0.1	1	15205 2439
83	19341	0.1	1	17116 2225
84	19191	0.1	1	17258 1933
85	22086	0.1	1	19417 2669
86	23769	0.1	1	20959 2810
87	23243	0.1	1	19844 3399
88	28008	0.1	1	22429 5579
89	35269	0.1	1	25718 9551
90	37479	0.1	1	30161 7318
91	51263	0.1	1	35013 16250
92	30146	0.1	1	23105 7041
93	30742	0.1	1	26528 4214
94	28145	0.1	1	24699 3446
95	24222	0.1	1	21417 2805
96	24323	0.1	1	22590 1733
97	22229	0.1	1	19613 2616
98	22544	0.1	1	21441 1103
99	24842	0.1	1	23032 1810
100	21952	0.1	1	20824 1128
101	22657	0.1	1	21089 1568
102	19920	0.1	1	18996 924
103	18293	0.1	1	17467 826
104	16512	0.1	1	15504 1008
105	17179	0.1	1	16398 781
106	14934	0.1	1	14312 622
107	17214	0.1	1	16373 841
108	16581	0.1	1	15843 738
109	19046	0.1	1	17963 1083
110	15802	0.1	1	15149 653
111	19332	0.1	1	18603 729
112	15734	0.1	1	15099 635
113	17044	0.1	1	16514 530
114	15460	0.1	1	14905 555
115	14564	0.1	1	14091 473
116	17125	0.1	1	16663 462
117	15640	0.1	1	15183 457
118	14704	0.1	1	14283 421
119	12854	0.1	1	12460 394
120	11360	0.1	1	11031 329
121	12941	0.1	1	12575 366
122	12684	0.1	1	12353 331
123	10730	0.1	1	10430 300
124	12365	0.1	1	12048 317
125	12085	0.1	1	11757 328
126	13927	0.1	1	13588 339
127	11022	0.1	1	10753 269
128	9151	0.1	1	8950 201
129	10051	0.1	1	9829 222
130	16973	0.1	1	16643 330
131	70156	0.1	1	68790 1366
132	9892	0.1	1	9638 254
133	4762	0.1	1	4630 132
134	4676	0.1	1	4503 173
135	4563	0.1	1	4360 203
136	6878	0.1	1	6550 328
137	8681	0.1	1	8170 511
138	9848	0.1	1	9118 730
139	11767	0.1	1	11203 564
140	12054	0.1	1	11525 529
141	14997	0.1	1	14549 448
142	49907	0.1	1	48828 1079
143	74531	0.1	1	72766 1765
144	27212	0.1	1	26077 1135
145	88802	0.1	1	86507 2295
146	520010	0.1	1	509108 10902
147	583405	0.1	1	571545 11860
148	105142	0.1	1	101923 3219
149	314814	0.1	1	303205 11609
150	895983	0.1	1	632180 263803

RUN STATISTICS FOR INPUT FILE: mouse_46_trimmed_1.fastq.gz
=============================================
10000000 sequences processed in total

