
SUMMARISING RUN PARAMETERS
==========================
Input filename: mouse_48_trimmed_2.fastq.gz
Trimming mode: paired-end
Trim Galore version: 0.6.7
Cutadapt version: 3.4
Python version: could not detect
Number of cores used for trimming: 8
Quality Phred score cutoff: 20
Quality encoding type selected: ASCII+33
Using Illumina adapter for trimming (count: 882793). Second best hit was Nextera (count: 3)
Adapter sequence: 'AGATCGGAAGAGC' (Illumina TruSeq, Sanger iPCR; auto-detected)
Maximum trimming error rate: 0.1 (default)
Minimum required adapter overlap (stringency): 1 bp
Minimum required sequence length for both reads before a sequence pair gets removed: 20 bp
Running FastQC on the data once trimming has completed
Running FastQC with the following extra arguments: -t 12
Output file will be GZIP compressed


This is cutadapt 3.4 with Python 3.9.6
Command line parameters: -j 8 -e 0.1 -q 20 -O 1 -a AGATCGGAAGAGC mouse_48_trimmed_2.fastq.gz
Processing reads on 8 cores in single-end mode ...
Finished in 16.19 s (2 µs/read; 37.07 M reads/minute).

=== Summary ===

Total reads processed:              10,000,000
Reads with adapters:                 9,136,086 (91.4%)
Reads written (passing filters):    10,000,000 (100.0%)

Total basepairs processed: 1,500,000,000 bp
Quality-trimmed:               6,278,890 bp (0.4%)
Total written (filtered):    514,403,416 bp (34.3%)

=== Adapter 1 ===

Sequence: AGATCGGAAGAGC; Type: regular 3'; Length: 13; Trimmed: 9136086 times

No. of allowed errors:
1-9 bp: 0; 10-13 bp: 1

Bases preceding removed adapters:
  A: 30.8%
  C: 17.8%
  G: 35.4%
  T: 16.0%
  none/other: 0.1%

Overview of removed sequences
length	count	expect	max.err	error counts
1	74040	2500000.0	0	74040
2	20064	625000.0	0	20064
3	8877	156250.0	0	8877
4	4592	39062.5	0	4592
5	8460	9765.6	0	8460
6	5879	2441.4	0	5879
7	16314	610.4	0	16314
8	6616	152.6	0	6616
9	4495	38.1	0	4479 16
10	4672	9.5	1	4552 120
11	4150	2.4	1	3848 302
12	6103	0.6	1	5931 172
13	5009	0.1	1	4835 174
14	5792	0.1	1	5649 143
15	5327	0.1	1	5157 170
16	5581	0.1	1	5201 380
17	6375	0.1	1	6136 239
18	5643	0.1	1	5265 378
19	9478	0.1	1	8987 491
20	7140	0.1	1	6821 319
21	6065	0.1	1	5783 282
22	5835	0.1	1	5673 162
23	6782	0.1	1	6623 159
24	8588	0.1	1	8327 261
25	5712	0.1	1	5532 180
26	5952	0.1	1	5759 193
27	9730	0.1	1	9217 513
28	4705	0.1	1	4522 183
29	9329	0.1	1	8950 379
30	7616	0.1	1	7438 178
31	8616	0.1	1	8337 279
32	6538	0.1	1	6422 116
33	11406	0.1	1	11158 248
34	8677	0.1	1	8376 301
35	8119	0.1	1	7933 186
36	13463	0.1	1	13191 272
37	10698	0.1	1	10407 291
38	11712	0.1	1	11444 268
39	17653	0.1	1	17353 300
40	8138	0.1	1	7938 200
41	16184	0.1	1	15855 329
42	11932	0.1	1	11731 201
43	18302	0.1	1	17985 317
44	12602	0.1	1	12409 193
45	21025	0.1	1	20670 355
46	13952	0.1	1	13678 274
47	12892	0.1	1	12701 191
48	16378	0.1	1	16118 260
49	17270	0.1	1	17030 240
50	16179	0.1	1	15917 262
51	20321	0.1	1	20008 313
52	27459	0.1	1	27038 421
53	14676	0.1	1	14429 247
54	24402	0.1	1	24054 348
55	20614	0.1	1	20268 346
56	19757	0.1	1	19464 293
57	21554	0.1	1	21228 326
58	30134	0.1	1	29699 435
59	27884	0.1	1	27486 398
60	33681	0.1	1	33267 414
61	27220	0.1	1	26739 481
62	31076	0.1	1	30647 429
63	15490	0.1	1	15213 277
64	23004	0.1	1	22692 312
65	23364	0.1	1	23004 360
66	35021	0.1	1	34534 487
67	33992	0.1	1	33490 502
68	31284	0.1	1	30808 476
69	24736	0.1	1	24295 441
70	43433	0.1	1	42889 544
71	23693	0.1	1	23236 457
72	32531	0.1	1	31963 568
73	37046	0.1	1	36367 679
74	47486	0.1	1	46542 944
75	61413	0.1	1	60627 786
76	41363	0.1	1	40774 589
77	35335	0.1	1	34739 596
78	46999	0.1	1	46253 746
79	43618	0.1	1	42853 765
80	44322	0.1	1	43518 804
81	45876	0.1	1	45076 800
82	49266	0.1	1	48415 851
83	66835	0.1	1	65789 1046
84	52785	0.1	1	51880 905
85	45739	0.1	1	44904 835
86	49292	0.1	1	48333 959
87	42017	0.1	1	41175 842
88	45310	0.1	1	44452 858
89	45782	0.1	1	44887 895
90	53407	0.1	1	52416 991
91	64007	0.1	1	62901 1106
92	50944	0.1	1	49942 1002
93	61245	0.1	1	60129 1116
94	65880	0.1	1	64668 1212
95	74482	0.1	1	73129 1353
96	82865	0.1	1	81368 1497
97	79693	0.1	1	78344 1349
98	75229	0.1	1	73831 1398
99	77702	0.1	1	76373 1329
100	91370	0.1	1	89741 1629
101	128070	0.1	1	126009 2061
102	158407	0.1	1	155913 2494
103	119034	0.1	1	117005 2029
104	101340	0.1	1	99533 1807
105	96181	0.1	1	94447 1734
106	107137	0.1	1	105219 1918
107	121207	0.1	1	119030 2177
108	143872	0.1	1	141470 2402
109	130241	0.1	1	127811 2430
110	172296	0.1	1	169302 2994
111	207311	0.1	1	203848 3463
112	145723	0.1	1	143066 2657
113	148836	0.1	1	146161 2675
114	140666	0.1	1	138368 2298
115	160757	0.1	1	158017 2740
116	168781	0.1	1	165870 2911
117	160021	0.1	1	157397 2624
118	170072	0.1	1	167188 2884
119	136055	0.1	1	133736 2319
120	172200	0.1	1	169484 2716
121	172949	0.1	1	170166 2783
122	200317	0.1	1	197022 3295
123	228051	0.1	1	224319 3732
124	192467	0.1	1	189314 3153
125	171912	0.1	1	169009 2903
126	175112	0.1	1	172222 2890
127	164025	0.1	1	161390 2635
128	157544	0.1	1	155057 2487
129	167927	0.1	1	165261 2666
130	164590	0.1	1	161800 2790
131	172666	0.1	1	169750 2916
132	181918	0.1	1	178729 3189
133	156517	0.1	1	153804 2713
134	137465	0.1	1	135089 2376
135	82308	0.1	1	80832 1476
136	75671	0.1	1	74326 1345
137	62767	0.1	1	61583 1184
138	42963	0.1	1	42061 902
139	24162	0.1	1	23662 500
140	8798	0.1	1	8621 177
141	5221	0.1	1	5113 108
142	5165	0.1	1	5050 115
143	12111	0.1	1	11837 274
144	8881	0.1	1	8702 179
145	42170	0.1	1	41256 914
146	341254	0.1	1	334031 7223
147	142517	0.1	1	139813 2704
148	45483	0.1	1	44601 882
149	74774	0.1	1	73158 1616
150	120883	0.1	1	118831 2052

RUN STATISTICS FOR INPUT FILE: mouse_48_trimmed_2.fastq.gz
=============================================
10000000 sequences processed in total

Total number of sequences analysed for the sequence pair length validation: 10000000

Number of sequence pairs removed because at least one read was shorter than the length cutoff (20 bp): 2285325 (22.85%)
