
SUMMARISING RUN PARAMETERS
==========================
Input filename: mouse_47_trimmed_1.fastq.gz
Trimming mode: paired-end
Trim Galore version: 0.6.7
Cutadapt version: 3.4
Python version: could not detect
Number of cores used for trimming: 8
Quality Phred score cutoff: 20
Quality encoding type selected: ASCII+33
Using Illumina adapter for trimming (count: 844586). Second best hit was smallRNA (count: 1)
Adapter sequence: 'AGATCGGAAGAGC' (Illumina TruSeq, Sanger iPCR; auto-detected)
Maximum trimming error rate: 0.1 (default)
Minimum required adapter overlap (stringency): 1 bp
Minimum required sequence length for both reads before a sequence pair gets removed: 20 bp
Running FastQC on the data once trimming has completed
Running FastQC with the following extra arguments: -t 12
Output file will be GZIP compressed


This is cutadapt 3.4 with Python 3.9.6
Command line parameters: -j 8 -e 0.1 -q 20 -O 1 -a AGATCGGAAGAGC mouse_47_trimmed_1.fastq.gz
Processing reads on 8 cores in single-end mode ...
Finished in 16.83 s (2 µs/read; 35.64 M reads/minute).

=== Summary ===

Total reads processed:              10,000,000
Reads with adapters:                 9,603,842 (96.0%)
Reads written (passing filters):    10,000,000 (100.0%)

Total basepairs processed: 1,500,000,000 bp
Quality-trimmed:              23,330,913 bp (1.6%)
Total written (filtered):    352,367,434 bp (23.5%)

=== Adapter 1 ===

Sequence: AGATCGGAAGAGC; Type: regular 3'; Length: 13; Trimmed: 9603842 times

No. of allowed errors:
1-9 bp: 0; 10-13 bp: 1

Bases preceding removed adapters:
  A: 0.4%
  C: 77.5%
  G: 20.7%
  T: 0.3%
  none/other: 1.1%

Overview of removed sequences
length	count	expect	max.err	error counts
1	64713	2500000.0	0	64713
2	18731	625000.0	0	18731
3	7036	156250.0	0	7036
4	7170	39062.5	0	7170
5	5823	9765.6	0	5823
6	9037	2441.4	0	9037
7	21636	610.4	0	21636
8	9789	152.6	0	9789
9	5676	38.1	0	5654 22
10	4373	9.5	1	4209 164
11	3464	2.4	1	3317 147
12	3486	0.6	1	3373 113
13	3671	0.1	1	3519 152
14	5268	0.1	1	5103 165
15	4247	0.1	1	4033 214
16	3748	0.1	1	3586 162
17	5182	0.1	1	4798 384
18	4094	0.1	1	3931 163
19	5898	0.1	1	5714 184
20	5985	0.1	1	5759 226
21	7886	0.1	1	7489 397
22	6410	0.1	1	6200 210
23	7447	0.1	1	7268 179
24	17968	0.1	1	17542 426
25	5630	0.1	1	5406 224
26	4947	0.1	1	4792 155
27	4552	0.1	1	4366 186
28	6314	0.1	1	5932 382
29	7907	0.1	1	7558 349
30	9977	0.1	1	9758 219
31	6770	0.1	1	6566 204
32	6982	0.1	1	6658 324
33	7724	0.1	1	7459 265
34	7482	0.1	1	7104 378
35	9146	0.1	1	8610 536
36	6309	0.1	1	6056 253
37	10008	0.1	1	9524 484
38	7223	0.1	1	6968 255
39	9429	0.1	1	8953 476
40	10152	0.1	1	9698 454
41	11050	0.1	1	10462 588
42	12056	0.1	1	11139 917
43	18730	0.1	1	17296 1434
44	69259	0.1	1	66648 2611
45	24229	0.1	1	22130 2099
46	145735	0.1	1	142312 3423
47	65078	0.1	1	62981 2097
48	81425	0.1	1	79219 2206
49	19329	0.1	1	18629 700
50	10993	0.1	1	10092 901
51	9722	0.1	1	8795 927
52	9491	0.1	1	8228 1263
53	8407	0.1	1	7846 561
54	4409	0.1	1	3831 578
55	2866	0.1	1	1906 960
56	6782	0.1	1	6183 599
57	3446	0.1	1	2900 546
58	9558	0.1	1	8891 667
59	16461	0.1	1	15804 657
60	13851	0.1	1	13169 682
61	14943	0.1	1	14405 538
62	13988	0.1	1	13514 474
63	9285	0.1	1	8864 421
64	12031	0.1	1	11466 565
65	18718	0.1	1	18076 642
66	27620	0.1	1	26842 778
67	28900	0.1	1	28386 514
68	3195	0.1	1	3054 141
69	1630	0.1	1	1530 100
70	4436	0.1	1	4262 174
71	6291	0.1	1	6077 214
72	6360	0.1	1	6176 184
73	5092	0.1	1	4914 178
74	3611	0.1	1	3298 313
75	7291	0.1	1	6937 354
76	17425	0.1	1	16830 595
77	24300	0.1	1	23671 629
78	25235	0.1	1	24608 627
79	27352	0.1	1	26561 791
80	27537	0.1	1	26742 795
81	27920	0.1	1	27024 896
82	28746	0.1	1	27923 823
83	33136	0.1	1	32166 970
84	29077	0.1	1	28174 903
85	26924	0.1	1	26071 853
86	28176	0.1	1	27277 899
87	27196	0.1	1	26222 974
88	33750	0.1	1	32825 925
89	34283	0.1	1	33216 1067
90	40331	0.1	1	39187 1144
91	43335	0.1	1	42073 1262
92	38064	0.1	1	36573 1491
93	40999	0.1	1	39879 1120
94	43811	0.1	1	42609 1202
95	51695	0.1	1	50133 1562
96	52974	0.1	1	51596 1378
97	50997	0.1	1	49534 1463
98	51619	0.1	1	50321 1298
99	51289	0.1	1	49754 1535
100	61046	0.1	1	59453 1593
101	92065	0.1	1	89948 2117
102	126758	0.1	1	123864 2894
103	97629	0.1	1	95330 2299
104	81433	0.1	1	79181 2252
105	73815	0.1	1	72040 1775
106	83251	0.1	1	81257 1994
107	81437	0.1	1	79328 2109
108	91185	0.1	1	89079 2106
109	91059	0.1	1	88757 2302
110	94301	0.1	1	92246 2055
111	101808	0.1	1	99551 2257
112	92339	0.1	1	90032 2307
113	94228	0.1	1	92198 2030
114	102429	0.1	1	100115 2314
115	126691	0.1	1	124032 2659
116	134043	0.1	1	131253 2790
117	123057	0.1	1	120288 2769
118	159796	0.1	1	156520 3276
119	114527	0.1	1	112032 2495
120	126772	0.1	1	124331 2441
121	116698	0.1	1	114304 2394
122	126981	0.1	1	124421 2560
123	155008	0.1	1	151965 3043
124	136576	0.1	1	133882 2694
125	130484	0.1	1	127740 2744
126	140320	0.1	1	137546 2774
127	137051	0.1	1	134372 2679
128	137389	0.1	1	134747 2642
129	158024	0.1	1	155127 2897
130	163979	0.1	1	160829 3150
131	183271	0.1	1	179682 3589
132	203862	0.1	1	199939 3923
133	204798	0.1	1	200568 4230
134	210086	0.1	1	205505 4581
135	184171	0.1	1	179624 4547
136	182478	0.1	1	177961 4517
137	153262	0.1	1	149300 3962
138	118328	0.1	1	114497 3831
139	63369	0.1	1	61441 1928
140	20701	0.1	1	19906 795
141	12852	0.1	1	12379 473
142	6656	0.1	1	6369 287
143	10426	0.1	1	10017 409
144	18958	0.1	1	18232 726
145	142073	0.1	1	137759 4314
146	872608	0.1	1	851870 20738
147	263285	0.1	1	256417 6868
148	108152	0.1	1	104511 3641
149	160270	0.1	1	150878 9392
150	1010328	0.1	1	224132 786196

RUN STATISTICS FOR INPUT FILE: mouse_47_trimmed_1.fastq.gz
=============================================
10000000 sequences processed in total

