
SUMMARISING RUN PARAMETERS
==========================
Input filename: mouse_42_trimmed_2.fastq.gz
Trimming mode: paired-end
Trim Galore version: 0.6.7
Cutadapt version: 3.4
Python version: could not detect
Number of cores used for trimming: 8
Quality Phred score cutoff: 20
Quality encoding type selected: ASCII+33
Using Illumina adapter for trimming (count: 861889). Second best hit was Nextera (count: 3)
Adapter sequence: 'AGATCGGAAGAGC' (Illumina TruSeq, Sanger iPCR; auto-detected)
Maximum trimming error rate: 0.1 (default)
Minimum required adapter overlap (stringency): 1 bp
Minimum required sequence length for both reads before a sequence pair gets removed: 20 bp
Running FastQC on the data once trimming has completed
Running FastQC with the following extra arguments: -t 12
Output file will be GZIP compressed


This is cutadapt 3.4 with Python 3.9.6
Command line parameters: -j 8 -e 0.1 -q 20 -O 1 -a AGATCGGAAGAGC mouse_42_trimmed_2.fastq.gz
Processing reads on 8 cores in single-end mode ...
Finished in 16.50 s (2 µs/read; 36.37 M reads/minute).

=== Summary ===

Total reads processed:              10,000,000
Reads with adapters:                 8,982,368 (89.8%)
Reads written (passing filters):    10,000,000 (100.0%)

Total basepairs processed: 1,500,000,000 bp
Quality-trimmed:              22,602,922 bp (1.5%)
Total written (filtered):    532,329,497 bp (35.5%)

=== Adapter 1 ===

Sequence: AGATCGGAAGAGC; Type: regular 3'; Length: 13; Trimmed: 8982368 times

No. of allowed errors:
1-9 bp: 0; 10-13 bp: 1

Bases preceding removed adapters:
  A: 31.6%
  C: 17.3%
  G: 35.4%
  T: 15.5%
  none/other: 0.2%

Overview of removed sequences
length	count	expect	max.err	error counts
1	90381	2500000.0	0	90381
2	29486	625000.0	0	29486
3	10812	156250.0	0	10812
4	5678	39062.5	0	5678
5	6127	9765.6	0	6127
6	7634	2441.4	0	7634
7	20968	610.4	0	20968
8	8417	152.6	0	8417
9	5097	38.1	0	5059 38
10	4803	9.5	1	4634 169
11	4560	2.4	1	4170 390
12	5509	0.6	1	5292 217
13	4986	0.1	1	4737 249
14	6549	0.1	1	6315 234
15	5715	0.1	1	5469 246
16	5856	0.1	1	5338 518
17	6326	0.1	1	5990 336
18	6507	0.1	1	5959 548
19	11045	0.1	1	10315 730
20	9233	0.1	1	8804 429
21	7950	0.1	1	7520 430
22	7025	0.1	1	6756 269
23	9776	0.1	1	9465 311
24	14080	0.1	1	13569 511
25	6667	0.1	1	6431 236
26	7285	0.1	1	6936 349
27	16220	0.1	1	15090 1130
28	7124	0.1	1	6760 364
29	14172	0.1	1	13611 561
30	12375	0.1	1	11973 402
31	13202	0.1	1	12587 615
32	9005	0.1	1	8689 316
33	26350	0.1	1	25870 480
34	17447	0.1	1	16929 518
35	10781	0.1	1	10371 410
36	27133	0.1	1	25788 1345
37	192590	0.1	1	191340 1250
38	41904	0.1	1	41439 465
39	16625	0.1	1	16070 555
40	72411	0.1	1	71755 656
41	40788	0.1	1	40521 267
42	2129	0.1	1	1757 372
43	44119	0.1	1	43842 277
44	2914	0.1	1	2039 875
45	116434	0.1	1	115554 880
46	47556	0.1	1	47294 262
47	1347	0.1	1	1122 225
48	15365	0.1	1	15253 112
49	1494	0.1	1	1278 216
50	18394	0.1	1	18226 168
51	4996	0.1	1	4555 441
52	14000	0.1	1	13862 138
53	2692	0.1	1	2619 73
54	972	0.1	1	750 222
55	10658	0.1	1	10532 126
56	1040	0.1	1	871 169
57	7426	0.1	1	7215 211
58	7183	0.1	1	7017 166
59	3117	0.1	1	3016 101
60	1257	0.1	1	1073 184
61	7945	0.1	1	7586 359
62	20268	0.1	1	20034 234
63	2788	0.1	1	2591 197
64	6369	0.1	1	6249 120
65	6801	0.1	1	6607 194
66	3584	0.1	1	3349 235
67	10745	0.1	1	10491 254
68	17225	0.1	1	16847 378
69	11235	0.1	1	10903 332
70	11446	0.1	1	11166 280
71	25354	0.1	1	24958 396
72	5385	0.1	1	5088 297
73	20004	0.1	1	19500 504
74	48754	0.1	1	47778 976
75	44624	0.1	1	43616 1008
76	75322	0.1	1	74559 763
77	14757	0.1	1	14369 388
78	6463	0.1	1	6043 420
79	25766	0.1	1	25100 666
80	38405	0.1	1	37556 849
81	42980	0.1	1	42047 933
82	44292	0.1	1	43330 962
83	55162	0.1	1	53964 1198
84	44474	0.1	1	43465 1009
85	39421	0.1	1	38520 901
86	41185	0.1	1	40195 990
87	39445	0.1	1	38409 1036
88	45591	0.1	1	44383 1208
89	46494	0.1	1	45399 1095
90	53122	0.1	1	51770 1352
91	58940	0.1	1	57502 1438
92	50620	0.1	1	49254 1366
93	60682	0.1	1	59096 1586
94	65339	0.1	1	63746 1593
95	72929	0.1	1	71089 1840
96	74949	0.1	1	73135 1814
97	75261	0.1	1	73469 1792
98	73461	0.1	1	71646 1815
99	76197	0.1	1	74359 1838
100	84903	0.1	1	82898 2005
101	105711	0.1	1	103463 2248
102	130582	0.1	1	127962 2620
103	117626	0.1	1	115087 2539
104	106086	0.1	1	103655 2431
105	103320	0.1	1	100969 2351
106	106707	0.1	1	104152 2555
107	112796	0.1	1	110049 2747
108	129903	0.1	1	126792 3111
109	132768	0.1	1	129418 3350
110	153964	0.1	1	150317 3647
111	174330	0.1	1	170507 3823
112	146539	0.1	1	142950 3589
113	145782	0.1	1	142474 3308
114	147805	0.1	1	144478 3327
115	184921	0.1	1	181079 3842
116	208097	0.1	1	203883 4214
117	173806	0.1	1	170256 3550
118	214354	0.1	1	210274 4080
119	154574	0.1	1	151411 3163
120	169690	0.1	1	166382 3308
121	165712	0.1	1	162599 3113
122	185847	0.1	1	182510 3337
123	219769	0.1	1	215866 3903
124	186069	0.1	1	182706 3363
125	173428	0.1	1	170308 3120
126	179645	0.1	1	176573 3072
127	161418	0.1	1	158854 2564
128	153642	0.1	1	151042 2600
129	159498	0.1	1	156805 2693
130	153803	0.1	1	151291 2512
131	156588	0.1	1	153573 3015
132	155810	0.1	1	152911 2899
133	132195	0.1	1	129871 2324
134	112076	0.1	1	110096 1980
135	69807	0.1	1	68467 1340
136	68876	0.1	1	67603 1273
137	62297	0.1	1	61047 1250
138	50518	0.1	1	49502 1016
139	28193	0.1	1	27618 575
140	11491	0.1	1	11263 228
141	7488	0.1	1	7326 162
142	6930	0.1	1	6786 144
143	15058	0.1	1	14760 298
144	9303	0.1	1	9112 191
145	40409	0.1	1	39589 820
146	330819	0.1	1	323625 7194
147	147412	0.1	1	144435 2977
148	46112	0.1	1	45166 946
149	70654	0.1	1	69051 1603
150	123761	0.1	1	121599 2162

RUN STATISTICS FOR INPUT FILE: mouse_42_trimmed_2.fastq.gz
=============================================
10000000 sequences processed in total

Total number of sequences analysed for the sequence pair length validation: 10000000

Number of sequence pairs removed because at least one read was shorter than the length cutoff (20 bp): 2235657 (22.36%)
