
SUMMARISING RUN PARAMETERS
==========================
Input filename: mouse_47_trimmed_2.fastq.gz
Trimming mode: paired-end
Trim Galore version: 0.6.7
Cutadapt version: 3.4
Python version: could not detect
Number of cores used for trimming: 8
Quality Phred score cutoff: 20
Quality encoding type selected: ASCII+33
Using Illumina adapter for trimming (count: 844586). Second best hit was smallRNA (count: 1)
Adapter sequence: 'AGATCGGAAGAGC' (Illumina TruSeq, Sanger iPCR; auto-detected)
Maximum trimming error rate: 0.1 (default)
Minimum required adapter overlap (stringency): 1 bp
Minimum required sequence length for both reads before a sequence pair gets removed: 20 bp
Running FastQC on the data once trimming has completed
Running FastQC with the following extra arguments: -t 12
Output file will be GZIP compressed


This is cutadapt 3.4 with Python 3.9.6
Command line parameters: -j 8 -e 0.1 -q 20 -O 1 -a AGATCGGAAGAGC mouse_47_trimmed_2.fastq.gz
Processing reads on 8 cores in single-end mode ...
Finished in 15.95 s (2 µs/read; 37.62 M reads/minute).

=== Summary ===

Total reads processed:              10,000,000
Reads with adapters:                 8,779,103 (87.8%)
Reads written (passing filters):    10,000,000 (100.0%)

Total basepairs processed: 1,500,000,000 bp
Quality-trimmed:               5,973,871 bp (0.4%)
Total written (filtered):    482,330,238 bp (32.2%)

=== Adapter 1 ===

Sequence: AGATCGGAAGAGC; Type: regular 3'; Length: 13; Trimmed: 8779103 times

No. of allowed errors:
1-9 bp: 0; 10-13 bp: 1

Bases preceding removed adapters:
  A: 25.5%
  C: 22.4%
  G: 35.5%
  T: 16.2%
  none/other: 0.3%

Overview of removed sequences
length	count	expect	max.err	error counts
1	80525	2500000.0	0	80525
2	43384	625000.0	0	43384
3	11326	156250.0	0	11326
4	5832	39062.5	0	5832
5	4540	9765.6	0	4540
6	8167	2441.4	0	8167
7	22179	610.4	0	22179
8	9819	152.6	0	9819
9	5476	38.1	0	5442 34
10	4400	9.5	1	4256 144
11	3456	2.4	1	3266 190
12	3708	0.6	1	3571 137
13	3786	0.1	1	3605 181
14	5529	0.1	1	5355 174
15	4292	0.1	1	4122 170
16	4243	0.1	1	3955 288
17	4747	0.1	1	4533 214
18	5259	0.1	1	4884 375
19	8777	0.1	1	8282 495
20	8223	0.1	1	7892 331
21	7071	0.1	1	6766 305
22	6256	0.1	1	6060 196
23	7873	0.1	1	7644 229
24	19235	0.1	1	18687 548
25	5592	0.1	1	5408 184
26	5591	0.1	1	5344 247
27	8267	0.1	1	7798 469
28	4745	0.1	1	4520 225
29	8012	0.1	1	7745 267
30	9765	0.1	1	9505 260
31	6910	0.1	1	6735 175
32	6073	0.1	1	5933 140
33	6957	0.1	1	6780 177
34	10343	0.1	1	10059 284
35	4822	0.1	1	4646 176
36	8868	0.1	1	8593 275
37	6890	0.1	1	6744 146
38	7465	0.1	1	7275 190
39	7461	0.1	1	7331 130
40	8854	0.1	1	8666 188
41	10986	0.1	1	10772 214
42	5892	0.1	1	5748 144
43	12347	0.1	1	12063 284
44	7628	0.1	1	7493 135
45	13690	0.1	1	13448 242
46	8349	0.1	1	8154 195
47	7036	0.1	1	6909 127
48	9413	0.1	1	9264 149
49	9469	0.1	1	9321 148
50	8764	0.1	1	8623 141
51	10049	0.1	1	9861 188
52	15864	0.1	1	15595 269
53	6880	0.1	1	6710 170
54	12982	0.1	1	12769 213
55	12009	0.1	1	11813 196
56	12036	0.1	1	11820 216
57	12904	0.1	1	12684 220
58	18150	0.1	1	17845 305
59	17925	0.1	1	17637 288
60	17409	0.1	1	17092 317
61	15530	0.1	1	15242 288
62	20667	0.1	1	20377 290
63	8830	0.1	1	8648 182
64	15981	0.1	1	15728 253
65	14545	0.1	1	14266 279
66	19136	0.1	1	18845 291
67	21030	0.1	1	20696 334
68	17995	0.1	1	17659 336
69	15603	0.1	1	15316 287
70	26117	0.1	1	25780 337
71	14951	0.1	1	14614 337
72	20882	0.1	1	20507 375
73	25199	0.1	1	24712 487
74	36138	0.1	1	35319 819
75	37700	0.1	1	37118 582
76	26822	0.1	1	26397 425
77	19682	0.1	1	19303 379
78	27144	0.1	1	26654 490
79	28399	0.1	1	27823 576
80	28671	0.1	1	28092 579
81	28925	0.1	1	28373 552
82	29902	0.1	1	29296 606
83	34163	0.1	1	33512 651
84	29891	0.1	1	29342 549
85	27509	0.1	1	26935 574
86	29029	0.1	1	28427 602
87	28126	0.1	1	27544 582
88	34420	0.1	1	33734 686
89	34949	0.1	1	34219 730
90	41058	0.1	1	40238 820
91	44146	0.1	1	43311 835
92	38544	0.1	1	37716 828
93	41735	0.1	1	40878 857
94	44584	0.1	1	43665 919
95	52867	0.1	1	51786 1081
96	54293	0.1	1	53216 1077
97	52238	0.1	1	51200 1038
98	52639	0.1	1	51606 1033
99	52583	0.1	1	51584 999
100	62248	0.1	1	61038 1210
101	93797	0.1	1	92153 1644
102	129789	0.1	1	127709 2080
103	99625	0.1	1	97848 1777
104	83359	0.1	1	81753 1606
105	75070	0.1	1	73726 1344
106	84803	0.1	1	83293 1510
107	83031	0.1	1	81481 1550
108	91994	0.1	1	90247 1747
109	92522	0.1	1	90609 1913
110	94592	0.1	1	92702 1890
111	102532	0.1	1	100488 2044
112	92810	0.1	1	90912 1898
113	95161	0.1	1	93398 1763
114	103900	0.1	1	102004 1896
115	128188	0.1	1	125998 2190
116	135611	0.1	1	133321 2290
117	124382	0.1	1	122179 2203
118	161524	0.1	1	158748 2776
119	115273	0.1	1	113191 2082
120	128030	0.1	1	125848 2182
121	117812	0.1	1	115735 2077
122	128043	0.1	1	125806 2237
123	156797	0.1	1	154086 2711
124	138567	0.1	1	136147 2420
125	133162	0.1	1	130875 2287
126	144861	0.1	1	142365 2496
127	140726	0.1	1	138344 2382
128	140605	0.1	1	138151 2454
129	162106	0.1	1	159340 2766
130	167974	0.1	1	164888 3086
131	186766	0.1	1	183324 3442
132	208767	0.1	1	204833 3934
133	207436	0.1	1	203499 3937
134	212920	0.1	1	208898 4022
135	186076	0.1	1	182425 3651
136	184191	0.1	1	180518 3673
137	154027	0.1	1	150688 3339
138	118743	0.1	1	115996 2747
139	63688	0.1	1	62316 1372
140	20448	0.1	1	20014 434
141	12361	0.1	1	12088 273
142	5895	0.1	1	5717 178
143	8849	0.1	1	8633 216
144	14859	0.1	1	14534 325
145	134798	0.1	1	132026 2772
146	867916	0.1	1	849987 17929
147	261278	0.1	1	255988 5290
148	106499	0.1	1	104359 2140
149	155148	0.1	1	151930 3218
150	232421	0.1	1	228464 3957

RUN STATISTICS FOR INPUT FILE: mouse_47_trimmed_2.fastq.gz
=============================================
10000000 sequences processed in total

Total number of sequences analysed for the sequence pair length validation: 10000000

Number of sequence pairs removed because at least one read was shorter than the length cutoff (20 bp): 4229381 (42.29%)
