
SUMMARISING RUN PARAMETERS
==========================
Input filename: mouse_45_trimmed_2.fastq.gz
Trimming mode: paired-end
Trim Galore version: 0.6.7
Cutadapt version: 3.4
Python version: could not detect
Number of cores used for trimming: 8
Quality Phred score cutoff: 20
Quality encoding type selected: ASCII+33
Using Illumina adapter for trimming (count: 884188). Second best hit was smallRNA (count: 2)
Adapter sequence: 'AGATCGGAAGAGC' (Illumina TruSeq, Sanger iPCR; auto-detected)
Maximum trimming error rate: 0.1 (default)
Minimum required adapter overlap (stringency): 1 bp
Minimum required sequence length for both reads before a sequence pair gets removed: 20 bp
Running FastQC on the data once trimming has completed
Running FastQC with the following extra arguments: -t 12
Output file will be GZIP compressed


This is cutadapt 3.4 with Python 3.9.6
Command line parameters: -j 8 -e 0.1 -q 20 -O 1 -a AGATCGGAAGAGC mouse_45_trimmed_2.fastq.gz
Processing reads on 8 cores in single-end mode ...
Finished in 16.41 s (2 µs/read; 36.57 M reads/minute).

=== Summary ===

Total reads processed:              10,000,000
Reads with adapters:                 9,166,077 (91.7%)
Reads written (passing filters):    10,000,000 (100.0%)

Total basepairs processed: 1,500,000,000 bp
Quality-trimmed:               6,573,849 bp (0.4%)
Total written (filtered):    509,484,322 bp (34.0%)

=== Adapter 1 ===

Sequence: AGATCGGAAGAGC; Type: regular 3'; Length: 13; Trimmed: 9166077 times

No. of allowed errors:
1-9 bp: 0; 10-13 bp: 1

Bases preceding removed adapters:
  A: 29.2%
  C: 19.2%
  G: 35.4%
  T: 16.1%
  none/other: 0.1%

Overview of removed sequences
length	count	expect	max.err	error counts
1	88981	2500000.0	0	88981
2	25991	625000.0	0	25991
3	11297	156250.0	0	11297
4	5292	39062.5	0	5292
5	7295	9765.6	0	7295
6	5770	2441.4	0	5770
7	12886	610.4	0	12886
8	6553	152.6	0	6553
9	5246	38.1	0	5225 21
10	5054	9.5	1	4921 133
11	5237	2.4	1	4916 321
12	6130	0.6	1	5951 179
13	5774	0.1	1	5544 230
14	6147	0.1	1	5962 185
15	6118	0.1	1	5918 200
16	6418	0.1	1	6019 399
17	6560	0.1	1	6320 240
18	6691	0.1	1	6276 415
19	9484	0.1	1	8953 531
20	8925	0.1	1	8592 333
21	7221	0.1	1	6906 315
22	6724	0.1	1	6489 235
23	7463	0.1	1	7251 212
24	9702	0.1	1	9404 298
25	6706	0.1	1	6542 164
26	7063	0.1	1	6808 255
27	12887	0.1	1	12148 739
28	5459	0.1	1	5281 178
29	10730	0.1	1	10330 400
30	8766	0.1	1	8568 198
31	9943	0.1	1	9597 346
32	7628	0.1	1	7478 150
33	13692	0.1	1	13420 272
34	8637	0.1	1	8448 189
35	7548	0.1	1	7391 157
36	11501	0.1	1	11253 248
37	13201	0.1	1	12922 279
38	10923	0.1	1	10715 208
39	10432	0.1	1	10219 213
40	11433	0.1	1	11215 218
41	15439	0.1	1	15118 321
42	10403	0.1	1	10190 213
43	17558	0.1	1	17235 323
44	11335	0.1	1	11142 193
45	22181	0.1	1	21801 380
46	12777	0.1	1	12408 369
47	11534	0.1	1	11351 183
48	15605	0.1	1	15366 239
49	15630	0.1	1	15399 231
50	14900	0.1	1	14670 230
51	16996	0.1	1	16716 280
52	25502	0.1	1	25117 385
53	11756	0.1	1	11512 244
54	20917	0.1	1	20647 270
55	18709	0.1	1	18422 287
56	17416	0.1	1	17156 260
57	19900	0.1	1	19612 288
58	24940	0.1	1	24545 395
59	30533	0.1	1	30115 418
60	30623	0.1	1	30192 431
61	25384	0.1	1	24959 425
62	31751	0.1	1	31355 396
63	13990	0.1	1	13721 269
64	23435	0.1	1	23086 349
65	22688	0.1	1	22296 392
66	30087	0.1	1	29671 416
67	34315	0.1	1	33820 495
68	28471	0.1	1	27995 476
69	23339	0.1	1	22961 378
70	39619	0.1	1	39200 419
71	23011	0.1	1	22523 488
72	30870	0.1	1	30329 541
73	34745	0.1	1	34102 643
74	42155	0.1	1	41299 856
75	54686	0.1	1	53915 771
76	39735	0.1	1	39208 527
77	29581	0.1	1	29074 507
78	41141	0.1	1	40501 640
79	40912	0.1	1	40182 730
80	40766	0.1	1	40011 755
81	40821	0.1	1	40085 736
82	44383	0.1	1	43602 781
83	51836	0.1	1	50960 876
84	44338	0.1	1	43503 835
85	41678	0.1	1	40865 813
86	44253	0.1	1	43418 835
87	40719	0.1	1	39954 765
88	44936	0.1	1	44086 850
89	46216	0.1	1	45318 898
90	53305	0.1	1	52350 955
91	61507	0.1	1	60387 1120
92	53194	0.1	1	52155 1039
93	60468	0.1	1	59293 1175
94	65664	0.1	1	64454 1210
95	76447	0.1	1	75131 1316
96	85990	0.1	1	84526 1464
97	78569	0.1	1	77257 1312
98	76755	0.1	1	75488 1267
99	78060	0.1	1	76670 1390
100	96495	0.1	1	94929 1566
101	140139	0.1	1	138078 2061
102	170376	0.1	1	167950 2426
103	119070	0.1	1	117134 1936
104	102351	0.1	1	100604 1747
105	99550	0.1	1	97860 1690
106	116643	0.1	1	114612 2031
107	136684	0.1	1	134302 2382
108	172493	0.1	1	169773 2720
109	136933	0.1	1	134486 2447
110	193855	0.1	1	190733 3122
111	236989	0.1	1	233321 3668
112	150381	0.1	1	147891 2490
113	155106	0.1	1	152580 2526
114	145101	0.1	1	142754 2347
115	153129	0.1	1	150600 2529
116	152628	0.1	1	150128 2500
117	152699	0.1	1	150259 2440
118	161697	0.1	1	159166 2531
119	134373	0.1	1	132261 2112
120	176696	0.1	1	173917 2779
121	161632	0.1	1	159115 2517
122	176481	0.1	1	173725 2756
123	203358	0.1	1	200161 3197
124	174947	0.1	1	172139 2808
125	159758	0.1	1	157157 2601
126	166253	0.1	1	163619 2634
127	160166	0.1	1	157757 2409
128	157171	0.1	1	154684 2487
129	167222	0.1	1	164502 2720
130	169180	0.1	1	166466 2714
131	184921	0.1	1	181847 3074
132	195401	0.1	1	192144 3257
133	172678	0.1	1	169818 2860
134	147876	0.1	1	145517 2359
135	93453	0.1	1	91875 1578
136	82685	0.1	1	81203 1482
137	67948	0.1	1	66593 1355
138	43351	0.1	1	42471 880
139	23892	0.1	1	23426 466
140	8292	0.1	1	8111 181
141	3767	0.1	1	3676 91
142	4015	0.1	1	3913 102
143	8289	0.1	1	8125 164
144	8076	0.1	1	7911 165
145	49551	0.1	1	48581 970
146	368145	0.1	1	360814 7331
147	131166	0.1	1	128717 2449
148	46491	0.1	1	45688 803
149	73579	0.1	1	71983 1596
150	118963	0.1	1	117107 1856

RUN STATISTICS FOR INPUT FILE: mouse_45_trimmed_2.fastq.gz
=============================================
10000000 sequences processed in total

Total number of sequences analysed for the sequence pair length validation: 10000000

Number of sequence pairs removed because at least one read was shorter than the length cutoff (20 bp): 2335133 (23.35%)
