
SUMMARISING RUN PARAMETERS
==========================
Input filename: mouse_32_trimmed_2.fastq.gz
Trimming mode: paired-end
Trim Galore version: 0.6.7
Cutadapt version: 3.4
Python version: could not detect
Number of cores used for trimming: 8
Quality Phred score cutoff: 20
Quality encoding type selected: ASCII+33
Using Illumina adapter for trimming (count: 855306). Second best hit was Nextera (count: 1)
Adapter sequence: 'AGATCGGAAGAGC' (Illumina TruSeq, Sanger iPCR; auto-detected)
Maximum trimming error rate: 0.1 (default)
Minimum required adapter overlap (stringency): 1 bp
Minimum required sequence length for both reads before a sequence pair gets removed: 20 bp
Running FastQC on the data once trimming has completed
Running FastQC with the following extra arguments: -t 12
Output file will be GZIP compressed


This is cutadapt 3.4 with Python 3.9.6
Command line parameters: -j 8 -e 0.1 -q 20 -O 1 -a AGATCGGAAGAGC mouse_32_trimmed_2.fastq.gz
Processing reads on 8 cores in single-end mode ...
Finished in 16.16 s (2 µs/read; 37.14 M reads/minute).

=== Summary ===

Total reads processed:              10,000,000
Reads with adapters:                 8,856,462 (88.6%)
Reads written (passing filters):    10,000,000 (100.0%)

Total basepairs processed: 1,500,000,000 bp
Quality-trimmed:              12,689,988 bp (0.8%)
Total written (filtered):    534,134,175 bp (35.6%)

=== Adapter 1 ===

Sequence: AGATCGGAAGAGC; Type: regular 3'; Length: 13; Trimmed: 8856462 times

No. of allowed errors:
1-9 bp: 0; 10-13 bp: 1

Bases preceding removed adapters:
  A: 31.5%
  C: 16.6%
  G: 36.1%
  T: 15.7%
  none/other: 0.1%

Overview of removed sequences
length	count	expect	max.err	error counts
1	72339	2500000.0	0	72339
2	23170	625000.0	0	23170
3	8985	156250.0	0	8985
4	4577	39062.5	0	4577
5	4633	9765.6	0	4633
6	6012	2441.4	0	6012
7	14115	610.4	0	14115
8	6335	152.6	0	6335
9	3794	38.1	0	3768 26
10	4109	9.5	1	3946 163
11	3781	2.4	1	3517 264
12	4808	0.6	1	4623 185
13	4544	0.1	1	4282 262
14	5841	0.1	1	5641 200
15	5176	0.1	1	4942 234
16	5152	0.1	1	4733 419
17	5695	0.1	1	5392 303
18	5561	0.1	1	5121 440
19	8880	0.1	1	8282 598
20	8020	0.1	1	7611 409
21	7009	0.1	1	6605 404
22	6058	0.1	1	5799 259
23	8840	0.1	1	8584 256
24	9878	0.1	1	9556 322
25	5214	0.1	1	5021 193
26	5598	0.1	1	5340 258
27	8472	0.1	1	8012 460
28	4580	0.1	1	4387 193
29	9933	0.1	1	9533 400
30	7269	0.1	1	7067 202
31	9416	0.1	1	8980 436
32	5692	0.1	1	5534 158
33	9775	0.1	1	9273 502
34	17276	0.1	1	16571 705
35	8448	0.1	1	8181 267
36	17547	0.1	1	16958 589
37	11818	0.1	1	11398 420
38	38116	0.1	1	37382 734
39	32371	0.1	1	31798 573
40	14698	0.1	1	14327 371
41	33474	0.1	1	32943 531
42	10710	0.1	1	10422 288
43	16974	0.1	1	16678 296
44	8510	0.1	1	8197 313
45	53555	0.1	1	53058 497
46	18614	0.1	1	18356 258
47	3009	0.1	1	2747 262
48	42107	0.1	1	41782 325
49	8668	0.1	1	8421 247
50	22892	0.1	1	22591 301
51	19986	0.1	1	19462 524
52	65949	0.1	1	65607 342
53	2659	0.1	1	2436 223
54	21371	0.1	1	20968 403
55	32829	0.1	1	32538 291
56	7936	0.1	1	7632 304
57	31108	0.1	1	30623 485
58	57626	0.1	1	57190 436
59	28243	0.1	1	27984 259
60	4732	0.1	1	4379 353
61	21683	0.1	1	21060 623
62	60940	0.1	1	60620 320
63	1195	0.1	1	939 256
64	25844	0.1	1	25609 235
65	8412	0.1	1	8093 319
66	20627	0.1	1	20122 505
67	28968	0.1	1	28612 356
68	9293	0.1	1	8968 325
69	4852	0.1	1	4439 413
70	37096	0.1	1	36777 319
71	8756	0.1	1	8356 400
72	25366	0.1	1	24865 501
73	34129	0.1	1	33441 688
74	47892	0.1	1	46940 952
75	59769	0.1	1	58883 886
76	68546	0.1	1	67939 607
77	8278	0.1	1	7773 505
78	37085	0.1	1	36367 718
79	37176	0.1	1	36532 644
80	40634	0.1	1	39844 790
81	47056	0.1	1	46110 946
82	43610	0.1	1	42737 873
83	62269	0.1	1	61135 1134
84	41406	0.1	1	40556 850
85	32866	0.1	1	32117 749
86	33462	0.1	1	32687 775
87	33472	0.1	1	32683 789
88	41838	0.1	1	40808 1030
89	42184	0.1	1	41196 988
90	47669	0.1	1	46617 1052
91	50473	0.1	1	49308 1165
92	42260	0.1	1	41106 1154
93	53102	0.1	1	51741 1361
94	55390	0.1	1	54046 1344
95	60692	0.1	1	59168 1524
96	60577	0.1	1	59051 1526
97	64763	0.1	1	63197 1566
98	63443	0.1	1	61767 1676
99	68276	0.1	1	66603 1673
100	74561	0.1	1	72839 1722
101	90874	0.1	1	88871 2003
102	117654	0.1	1	115161 2493
103	114340	0.1	1	111854 2486
104	106005	0.1	1	103598 2407
105	95770	0.1	1	93571 2199
106	97490	0.1	1	95037 2453
107	102588	0.1	1	100045 2543
108	118085	0.1	1	115251 2834
109	129627	0.1	1	126551 3076
110	139520	0.1	1	136060 3460
111	154865	0.1	1	151385 3480
112	132614	0.1	1	129208 3406
113	129394	0.1	1	126366 3028
114	134531	0.1	1	131452 3079
115	192418	0.1	1	188677 3741
116	229403	0.1	1	224677 4726
117	181073	0.1	1	177244 3829
118	218131	0.1	1	213625 4506
119	151886	0.1	1	148541 3345
120	157745	0.1	1	154584 3161
121	152187	0.1	1	149053 3134
122	174312	0.1	1	170934 3378
123	199625	0.1	1	195822 3803
124	177333	0.1	1	174032 3301
125	166427	0.1	1	163343 3084
126	171280	0.1	1	168239 3041
127	150458	0.1	1	147754 2704
128	143983	0.1	1	141488 2495
129	149586	0.1	1	147013 2573
130	141372	0.1	1	138919 2453
131	137950	0.1	1	135490 2460
132	143929	0.1	1	141247 2682
133	124937	0.1	1	122619 2318
134	104932	0.1	1	102881 2051
135	68646	0.1	1	67296 1350
136	76946	0.1	1	75411 1535
137	77213	0.1	1	75613 1600
138	77403	0.1	1	75900 1503
139	42145	0.1	1	41334 811
140	17691	0.1	1	17314 377
141	12550	0.1	1	12249 301
142	10049	0.1	1	9822 227
143	22271	0.1	1	21811 460
144	14455	0.1	1	14152 303
145	56393	0.1	1	55156 1237
146	431012	0.1	1	421742 9270
147	182654	0.1	1	179106 3548
148	52811	0.1	1	51763 1048
149	91430	0.1	1	89488 1942
150	150072	0.1	1	147560 2512

RUN STATISTICS FOR INPUT FILE: mouse_32_trimmed_2.fastq.gz
=============================================
10000000 sequences processed in total

Total number of sequences analysed for the sequence pair length validation: 10000000

Number of sequence pairs removed because at least one read was shorter than the length cutoff (20 bp): 2608007 (26.08%)
