
SUMMARISING RUN PARAMETERS
==========================
Input filename: mouse_46_trimmed_2.fastq.gz
Trimming mode: paired-end
Trim Galore version: 0.6.7
Cutadapt version: 3.4
Python version: could not detect
Number of cores used for trimming: 8
Quality Phred score cutoff: 20
Quality encoding type selected: ASCII+33
Using Illumina adapter for trimming (count: 532702). Second best hit was Nextera (count: 11)
Adapter sequence: 'AGATCGGAAGAGC' (Illumina TruSeq, Sanger iPCR; auto-detected)
Maximum trimming error rate: 0.1 (default)
Minimum required adapter overlap (stringency): 1 bp
Minimum required sequence length for both reads before a sequence pair gets removed: 20 bp
Running FastQC on the data once trimming has completed
Running FastQC with the following extra arguments: -t 12
Output file will be GZIP compressed


This is cutadapt 3.4 with Python 3.9.6
Command line parameters: -j 8 -e 0.1 -q 20 -O 1 -a AGATCGGAAGAGC mouse_46_trimmed_2.fastq.gz
Processing reads on 8 cores in single-end mode ...
Finished in 20.18 s (2 µs/read; 29.74 M reads/minute).

=== Summary ===

Total reads processed:              10,000,000
Reads with adapters:                 6,798,102 (68.0%)
Reads written (passing filters):    10,000,000 (100.0%)

Total basepairs processed: 1,500,000,000 bp
Quality-trimmed:              10,184,519 bp (0.7%)
Total written (filtered):    942,312,036 bp (62.8%)

=== Adapter 1 ===

Sequence: AGATCGGAAGAGC; Type: regular 3'; Length: 13; Trimmed: 6798102 times

No. of allowed errors:
1-9 bp: 0; 10-13 bp: 1

Bases preceding removed adapters:
  A: 21.3%
  C: 34.0%
  G: 26.2%
  T: 17.8%
  none/other: 0.8%

Overview of removed sequences
length	count	expect	max.err	error counts
1	634796	2500000.0	0	634796
2	216384	625000.0	0	216384
3	102015	156250.0	0	102015
4	61552	39062.5	0	61552
5	50866	9765.6	0	50866
6	49680	2441.4	0	49680
7	45916	610.4	0	45916
8	42498	152.6	0	42498
9	49762	38.1	0	49666 96
10	47208	9.5	1	46287 921
11	48706	2.4	1	47744 962
12	44674	0.6	1	43655 1019
13	42477	0.1	1	41161 1316
14	48173	0.1	1	46906 1267
15	40550	0.1	1	39374 1176
16	46956	0.1	1	45334 1622
17	41967	0.1	1	40745 1222
18	38319	0.1	1	36402 1917
19	45776	0.1	1	44022 1754
20	46651	0.1	1	45314 1337
21	34908	0.1	1	33710 1198
22	32146	0.1	1	31185 961
23	34812	0.1	1	33980 832
24	40346	0.1	1	39110 1236
25	33738	0.1	1	32694 1044
26	37508	0.1	1	36318 1190
27	54706	0.1	1	52106 2600
28	30126	0.1	1	29026 1100
29	46992	0.1	1	45533 1459
30	35426	0.1	1	34429 997
31	40618	0.1	1	38588 2030
32	33692	0.1	1	32786 906
33	54682	0.1	1	52681 2001
34	31279	0.1	1	29779 1500
35	21936	0.1	1	21346 590
36	58434	0.1	1	57113 1321
37	30318	0.1	1	29530 788
38	65467	0.1	1	64167 1300
39	17878	0.1	1	17272 606
40	34504	0.1	1	33800 704
41	14643	0.1	1	14018 625
42	10878	0.1	1	10488 390
43	33239	0.1	1	32349 890
44	16347	0.1	1	15937 410
45	56111	0.1	1	54959 1152
46	22498	0.1	1	21882 616
47	8855	0.1	1	8508 347
48	35406	0.1	1	34761 645
49	18927	0.1	1	18422 505
50	20893	0.1	1	20349 544
51	22976	0.1	1	22334 642
52	42986	0.1	1	42134 852
53	2727	0.1	1	2459 268
54	17697	0.1	1	17280 417
55	31735	0.1	1	31009 726
56	12085	0.1	1	11743 342
57	23443	0.1	1	22927 516
58	34168	0.1	1	33416 752
59	22349	0.1	1	21924 425
60	7123	0.1	1	6828 295
61	18171	0.1	1	17637 534
62	41310	0.1	1	40483 827
63	2327	0.1	1	2080 247
64	25384	0.1	1	24861 523
65	9827	0.1	1	9456 371
66	15299	0.1	1	14957 342
67	21103	0.1	1	20662 441
68	11482	0.1	1	11059 423
69	6685	0.1	1	6421 264
70	27473	0.1	1	26971 502
71	5020	0.1	1	4713 307
72	17817	0.1	1	17312 505
73	18061	0.1	1	17566 495
74	18586	0.1	1	17936 650
75	24730	0.1	1	23983 747
76	17241	0.1	1	16809 432
77	6970	0.1	1	6586 384
78	17468	0.1	1	16884 584
79	20058	0.1	1	19307 751
80	20726	0.1	1	19973 753
81	20369	0.1	1	19441 928
82	20369	0.1	1	19476 893
83	22506	0.1	1	21318 1188
84	21232	0.1	1	20272 960
85	23309	0.1	1	21881 1428
86	24599	0.1	1	23150 1449
87	26036	0.1	1	24586 1450
88	31868	0.1	1	30133 1735
89	33940	0.1	1	31144 2796
90	38118	0.1	1	35952 2166
91	44523	0.1	1	41080 3443
92	33377	0.1	1	31743 1634
93	33237	0.1	1	31548 1689
94	29803	0.1	1	28396 1407
95	25584	0.1	1	24434 1150
96	24739	0.1	1	23647 1092
97	23870	0.1	1	22830 1040
98	22839	0.1	1	21959 880
99	25928	0.1	1	24952 976
100	21861	0.1	1	20910 951
101	22794	0.1	1	21871 923
102	19715	0.1	1	18817 898
103	18207	0.1	1	17451 756
104	16248	0.1	1	15574 674
105	16589	0.1	1	15924 665
106	14214	0.1	1	13620 594
107	16414	0.1	1	15702 712
108	15387	0.1	1	14732 655
109	16827	0.1	1	16105 722
110	14607	0.1	1	13883 724
111	17670	0.1	1	16893 777
112	14146	0.1	1	13373 773
113	15274	0.1	1	14592 682
114	14155	0.1	1	13443 712
115	13894	0.1	1	13337 557
116	15039	0.1	1	14412 627
117	15386	0.1	1	14803 583
118	14925	0.1	1	14389 536
119	13038	0.1	1	12618 420
120	11416	0.1	1	11014 402
121	12763	0.1	1	12294 469
122	12625	0.1	1	12158 467
123	10603	0.1	1	10210 393
124	11848	0.1	1	11424 424
125	12012	0.1	1	11580 432
126	13535	0.1	1	13064 471
127	10822	0.1	1	10502 320
128	9039	0.1	1	8759 280
129	9862	0.1	1	9549 313
130	16270	0.1	1	15707 563
131	71154	0.1	1	65386 5768
132	9597	0.1	1	7424 2173
133	4667	0.1	1	4349 318
134	4557	0.1	1	4270 287
135	4366	0.1	1	4167 199
136	6536	0.1	1	6243 293
137	8096	0.1	1	7569 527
138	9447	0.1	1	8925 522
139	11454	0.1	1	11094 360
140	11566	0.1	1	11207 359
141	14103	0.1	1	13591 512
142	48364	0.1	1	46851 1513
143	72591	0.1	1	70528 2063
144	25051	0.1	1	24088 963
145	83298	0.1	1	80836 2462
146	503353	0.1	1	485933 17420
147	571564	0.1	1	552556 19008
148	101011	0.1	1	97627 3384
149	300273	0.1	1	291098 9175
150	638357	0.1	1	622048 16309

RUN STATISTICS FOR INPUT FILE: mouse_46_trimmed_2.fastq.gz
=============================================
10000000 sequences processed in total

Total number of sequences analysed for the sequence pair length validation: 10000000

Number of sequence pairs removed because at least one read was shorter than the length cutoff (20 bp): 2910983 (29.11%)
