
SUMMARISING RUN PARAMETERS
==========================
Input filename: mouse_29_trimmed_2.fastq.gz
Trimming mode: paired-end
Trim Galore version: 0.6.7
Cutadapt version: 3.4
Python version: could not detect
Number of cores used for trimming: 8
Quality Phred score cutoff: 20
Quality encoding type selected: ASCII+33
Using Illumina adapter for trimming (count: 569116). Second best hit was Nextera (count: 1)
Adapter sequence: 'AGATCGGAAGAGC' (Illumina TruSeq, Sanger iPCR; auto-detected)
Maximum trimming error rate: 0.1 (default)
Minimum required adapter overlap (stringency): 1 bp
Minimum required sequence length for both reads before a sequence pair gets removed: 20 bp
Running FastQC on the data once trimming has completed
Running FastQC with the following extra arguments: -t 12
Output file will be GZIP compressed


This is cutadapt 3.4 with Python 3.9.6
Command line parameters: -j 8 -e 0.1 -q 20 -O 1 -a AGATCGGAAGAGC mouse_29_trimmed_2.fastq.gz
Processing reads on 8 cores in single-end mode ...
Finished in 15.30 s (2 µs/read; 39.21 M reads/minute).

=== Summary ===

Total reads processed:              10,000,000
Reads with adapters:                 6,165,062 (61.7%)
Reads written (passing filters):    10,000,000 (100.0%)

Total basepairs processed: 1,500,000,000 bp
Quality-trimmed:               4,954,674 bp (0.3%)
Total written (filtered):    703,014,145 bp (46.9%)

=== Adapter 1 ===

Sequence: AGATCGGAAGAGC; Type: regular 3'; Length: 13; Trimmed: 6165062 times

No. of allowed errors:
1-9 bp: 0; 10-13 bp: 1

Bases preceding removed adapters:
  A: 17.4%
  C: 32.4%
  G: 32.0%
  T: 16.1%
  none/other: 2.1%

Overview of removed sequences
length	count	expect	max.err	error counts
1	163820	2500000.0	0	163820
2	53689	625000.0	0	53689
3	23126	156250.0	0	23126
4	9140	39062.5	0	9140
5	6691	9765.6	0	6691
6	5827	2441.4	0	5827
7	5434	610.4	0	5434
8	5688	152.6	0	5688
9	5474	38.1	0	5422 52
10	5603	9.5	1	5433 170
11	5615	2.4	1	5455 160
12	5513	0.6	1	5312 201
13	5589	0.1	1	5397 192
14	5342	0.1	1	5173 169
15	5160	0.1	1	4982 178
16	5577	0.1	1	5268 309
17	5597	0.1	1	5393 204
18	5962	0.1	1	5544 418
19	6757	0.1	1	6367 390
20	7313	0.1	1	6986 327
21	5376	0.1	1	5108 268
22	5085	0.1	1	4887 198
23	5087	0.1	1	4905 182
24	5652	0.1	1	5432 220
25	4979	0.1	1	4811 168
26	5053	0.1	1	4868 185
27	7283	0.1	1	6937 346
28	3892	0.1	1	3697 195
29	5784	0.1	1	5617 167
30	4419	0.1	1	4290 129
31	5230	0.1	1	5021 209
32	4617	0.1	1	4512 105
33	5063	0.1	1	4887 176
34	6627	0.1	1	6394 233
35	3436	0.1	1	3325 111
36	5021	0.1	1	4894 127
37	6825	0.1	1	6568 257
38	7175	0.1	1	6908 267
39	3114	0.1	1	3001 113
40	4781	0.1	1	4653 128
41	5669	0.1	1	5528 141
42	4092	0.1	1	3963 129
43	5144	0.1	1	5007 137
44	4259	0.1	1	4160 99
45	6564	0.1	1	6405 159
46	4342	0.1	1	4204 138
47	4113	0.1	1	4005 108
48	4992	0.1	1	4887 105
49	4538	0.1	1	4442 96
50	4585	0.1	1	4465 120
51	4617	0.1	1	4476 141
52	6836	0.1	1	6645 191
53	3305	0.1	1	3209 96
54	4706	0.1	1	4583 123
55	4798	0.1	1	4683 115
56	4602	0.1	1	4489 113
57	5213	0.1	1	5091 122
58	5929	0.1	1	5773 156
59	5070	0.1	1	4957 113
60	4573	0.1	1	4460 113
61	4688	0.1	1	4579 109
62	6620	0.1	1	6507 113
63	3018	0.1	1	2941 77
64	5239	0.1	1	5113 126
65	4410	0.1	1	4314 96
66	5250	0.1	1	5145 105
67	5759	0.1	1	5643 116
68	5055	0.1	1	4932 123
69	4429	0.1	1	4318 111
70	6675	0.1	1	6565 110
71	3912	0.1	1	3794 118
72	5480	0.1	1	5343 137
73	5583	0.1	1	5457 126
74	5927	0.1	1	5742 185
75	7810	0.1	1	7643 167
76	5067	0.1	1	4942 125
77	4456	0.1	1	4313 143
78	5982	0.1	1	5804 178
79	6155	0.1	1	5964 191
80	6018	0.1	1	5853 165
81	6083	0.1	1	5890 193
82	6145	0.1	1	5936 209
83	6395	0.1	1	6177 218
84	6240	0.1	1	6057 183
85	6471	0.1	1	6273 198
86	6428	0.1	1	6232 196
87	6824	0.1	1	6598 226
88	7000	0.1	1	6801 199
89	7498	0.1	1	7278 220
90	7757	0.1	1	7491 266
91	7839	0.1	1	7367 472
92	7626	0.1	1	7351 275
93	8004	0.1	1	7782 222
94	7942	0.1	1	7687 255
95	7881	0.1	1	7623 258
96	7980	0.1	1	7741 239
97	8246	0.1	1	7985 261
98	8607	0.1	1	8344 263
99	8819	0.1	1	8575 244
100	9339	0.1	1	9048 291
101	10098	0.1	1	9808 290
102	11437	0.1	1	11164 273
103	12053	0.1	1	11726 327
104	11159	0.1	1	10837 322
105	10691	0.1	1	10436 255
106	11473	0.1	1	11173 300
107	12091	0.1	1	11742 349
108	13282	0.1	1	12885 397
109	13766	0.1	1	13342 424
110	16121	0.1	1	15590 531
111	17801	0.1	1	17237 564
112	14796	0.1	1	14271 525
113	14072	0.1	1	13661 411
114	14514	0.1	1	14022 492
115	19083	0.1	1	18544 539
116	22656	0.1	1	22026 630
117	19759	0.1	1	19149 610
118	21274	0.1	1	20578 696
119	17391	0.1	1	16883 508
120	20518	0.1	1	19961 557
121	19400	0.1	1	18880 520
122	22171	0.1	1	21579 592
123	20553	0.1	1	19997 556
124	22845	0.1	1	22265 580
125	22854	0.1	1	22191 663
126	26569	0.1	1	25708 861
127	31168	0.1	1	30251 917
128	28561	0.1	1	27609 952
129	29955	0.1	1	28739 1216
130	36708	0.1	1	34784 1924
131	35145	0.1	1	32764 2381
132	44407	0.1	1	41265 3142
133	48003	0.1	1	43634 4369
134	79585	0.1	1	73701 5884
135	112886	0.1	1	105958 6928
136	150525	0.1	1	141414 9111
137	160316	0.1	1	149463 10853
138	178266	0.1	1	170054 8212
139	155989	0.1	1	152045 3944
140	92212	0.1	1	90133 2079
141	34956	0.1	1	34031 925
142	24447	0.1	1	23796 651
143	28863	0.1	1	28102 761
144	16051	0.1	1	15614 437
145	197876	0.1	1	193222 4654
146	1618118	0.1	1	1578628 39490
147	736019	0.1	1	719066 16953
148	213226	0.1	1	208642 4584
149	337624	0.1	1	329255 8369
150	533709	0.1	1	522878 10831

RUN STATISTICS FOR INPUT FILE: mouse_29_trimmed_2.fastq.gz
=============================================
10000000 sequences processed in total

Total number of sequences analysed for the sequence pair length validation: 10000000

Number of sequence pairs removed because at least one read was shorter than the length cutoff (20 bp): 7198765 (71.99%)
