
SUMMARISING RUN PARAMETERS
==========================
Input filename: mouse_29_trimmed_1.fastq.gz
Trimming mode: paired-end
Trim Galore version: 0.6.7
Cutadapt version: 3.4
Python version: could not detect
Number of cores used for trimming: 8
Quality Phred score cutoff: 20
Quality encoding type selected: ASCII+33
Using Illumina adapter for trimming (count: 569116). Second best hit was Nextera (count: 1)
Adapter sequence: 'AGATCGGAAGAGC' (Illumina TruSeq, Sanger iPCR; auto-detected)
Maximum trimming error rate: 0.1 (default)
Minimum required adapter overlap (stringency): 1 bp
Minimum required sequence length for both reads before a sequence pair gets removed: 20 bp
Running FastQC on the data once trimming has completed
Running FastQC with the following extra arguments: -t 12
Output file will be GZIP compressed


This is cutadapt 3.4 with Python 3.9.6
Command line parameters: -j 8 -e 0.1 -q 20 -O 1 -a AGATCGGAAGAGC mouse_29_trimmed_1.fastq.gz
Processing reads on 8 cores in single-end mode ...
Finished in 16.57 s (2 µs/read; 36.22 M reads/minute).

=== Summary ===

Total reads processed:              10,000,000
Reads with adapters:                 8,521,461 (85.2%)
Reads written (passing filters):    10,000,000 (100.0%)

Total basepairs processed: 1,500,000,000 bp
Quality-trimmed:              20,371,484 bp (1.4%)
Total written (filtered):    345,459,376 bp (23.0%)

=== Adapter 1 ===

Sequence: AGATCGGAAGAGC; Type: regular 3'; Length: 13; Trimmed: 8521461 times

No. of allowed errors:
1-9 bp: 0; 10-13 bp: 1

Bases preceding removed adapters:
  A: 1.2%
  C: 82.3%
  G: 11.4%
  T: 1.9%
  none/other: 3.2%
WARNING:
    The adapter is preceded by "C" extremely often.
    The provided adapter sequence could be incomplete at its 5' end.

Overview of removed sequences
length	count	expect	max.err	error counts
1	149662	2500000.0	0	149662
2	42757	625000.0	0	42757
3	17014	156250.0	0	17014
4	8291	39062.5	0	8291
5	6847	9765.6	0	6847
6	5802	2441.4	0	5802
7	5024	610.4	0	5024
8	5567	152.6	0	5567
9	5453	38.1	0	5427 26
10	5451	9.5	1	5277 174
11	5571	2.4	1	5413 158
12	5299	0.6	1	5130 169
13	5493	0.1	1	5339 154
14	5196	0.1	1	5046 150
15	5111	0.1	1	4940 171
16	5205	0.1	1	5033 172
17	5731	0.1	1	5475 256
18	5011	0.1	1	4851 160
19	5436	0.1	1	5271 165
20	5141	0.1	1	4978 163
21	5689	0.1	1	5429 260
22	4834	0.1	1	4679 155
23	4957	0.1	1	4804 153
24	4816	0.1	1	4684 132
25	4880	0.1	1	4702 178
26	4759	0.1	1	4601 158
27	4926	0.1	1	4689 237
28	5647	0.1	1	5163 484
29	5468	0.1	1	5176 292
30	4740	0.1	1	4570 170
31	4919	0.1	1	4699 220
32	5283	0.1	1	5017 266
33	4990	0.1	1	4788 202
34	4997	0.1	1	4670 327
35	6718	0.1	1	6013 705
36	5711	0.1	1	5269 442
37	4743	0.1	1	4435 308
38	5419	0.1	1	4754 665
39	6453	0.1	1	5773 680
40	6312	0.1	1	5652 660
41	7333	0.1	1	6471 862
42	8721	0.1	1	6526 2195
43	11788	0.1	1	9539 2249
44	24366	0.1	1	21480 2886
45	13036	0.1	1	9839 3197
46	25586	0.1	1	23621 1965
47	17160	0.1	1	12634 4526
48	28163	0.1	1	26010 2153
49	19629	0.1	1	18386 1243
50	8498	0.1	1	7462 1036
51	23959	0.1	1	22157 1802
52	6839	0.1	1	6034 805
53	3922	0.1	1	3050 872
54	5519	0.1	1	4465 1054
55	2150	0.1	1	1306 844
56	5948	0.1	1	5237 711
57	1507	0.1	1	1014 493
58	4635	0.1	1	3667 968
59	8432	0.1	1	7729 703
60	2295	0.1	1	1623 672
61	5787	0.1	1	5160 627
62	3881	0.1	1	3557 324
63	1229	0.1	1	926 303
64	4770	0.1	1	3940 830
65	9140	0.1	1	8098 1042
66	6119	0.1	1	5595 524
67	1505	0.1	1	1308 197
68	1902	0.1	1	1645 257
69	3394	0.1	1	3159 235
70	3926	0.1	1	3711 215
71	3677	0.1	1	3483 194
72	3349	0.1	1	3162 187
73	2083	0.1	1	1884 199
74	1576	0.1	1	1432 144
75	2861	0.1	1	2445 416
76	5706	0.1	1	5332 374
77	5511	0.1	1	5281 230
78	5699	0.1	1	5491 208
79	5740	0.1	1	5501 239
80	5839	0.1	1	5582 257
81	5977	0.1	1	5599 378
82	6282	0.1	1	5832 450
83	6223	0.1	1	5852 371
84	6148	0.1	1	5842 306
85	6710	0.1	1	6347 363
86	6496	0.1	1	5904 592
87	8000	0.1	1	6407 1593
88	8214	0.1	1	6597 1617
89	7649	0.1	1	6897 752
90	8631	0.1	1	7221 1410
91	11191	0.1	1	7030 4161
92	55979	0.1	1	6976 49003
93	11401	0.1	1	7389 4012
94	9488	0.1	1	7270 2218
95	9445	0.1	1	7500 1945
96	8704	0.1	1	7694 1010
97	8803	0.1	1	7781 1022
98	8828	0.1	1	8238 590
99	9352	0.1	1	8746 606
100	9556	0.1	1	9090 466
101	10129	0.1	1	9515 614
102	11651	0.1	1	11129 522
103	12468	0.1	1	11828 640
104	11992	0.1	1	11095 897
105	12717	0.1	1	12067 650
106	12548	0.1	1	11815 733
107	14462	0.1	1	12873 1589
108	20375	0.1	1	19200 1175
109	16296	0.1	1	15069 1227
110	23297	0.1	1	21685 1612
111	24346	0.1	1	22658 1688
112	23464	0.1	1	22135 1329
113	19689	0.1	1	18656 1033
114	17124	0.1	1	15717 1407
115	28080	0.1	1	27077 1003
116	23073	0.1	1	22331 742
117	19215	0.1	1	18507 708
118	20271	0.1	1	19540 731
119	16695	0.1	1	15978 717
120	20511	0.1	1	19816 695
121	18536	0.1	1	17943 593
122	21917	0.1	1	21158 759
123	21889	0.1	1	21186 703
124	21699	0.1	1	20925 774
125	22927	0.1	1	22157 770
126	24990	0.1	1	24148 842
127	28769	0.1	1	27833 936
128	27171	0.1	1	26003 1168
129	29303	0.1	1	28263 1040
130	34693	0.1	1	33457 1236
131	30554	0.1	1	29373 1181
132	37833	0.1	1	36099 1734
133	42359	0.1	1	39885 2474
134	72294	0.1	1	67851 4443
135	107699	0.1	1	98066 9633
136	144686	0.1	1	130877 13809
137	157327	0.1	1	144319 13008
138	171770	0.1	1	154887 16883
139	150425	0.1	1	140773 9652
140	91202	0.1	1	86117 5085
141	35813	0.1	1	34110 1703
142	25708	0.1	1	24512 1196
143	30192	0.1	1	29056 1136
144	20073	0.1	1	18930 1143
145	208615	0.1	1	201236 7379
146	1609487	0.1	1	1563952 45535
147	730717	0.1	1	709363 21354
148	214600	0.1	1	205935 8665
149	348725	0.1	1	325295 23430
150	2743505	0.1	1	511377 2232128


WARNING:
    One or more of your adapter sequences may be incomplete.
    Please see the detailed output above.

RUN STATISTICS FOR INPUT FILE: mouse_29_trimmed_1.fastq.gz
=============================================
10000000 sequences processed in total

