
SUMMARISING RUN PARAMETERS
==========================
Input filename: mouse_48_trimmed_1.fastq.gz
Trimming mode: paired-end
Trim Galore version: 0.6.7
Cutadapt version: 3.4
Python version: could not detect
Number of cores used for trimming: 8
Quality Phred score cutoff: 20
Quality encoding type selected: ASCII+33
Using Illumina adapter for trimming (count: 882793). Second best hit was Nextera (count: 3)
Adapter sequence: 'AGATCGGAAGAGC' (Illumina TruSeq, Sanger iPCR; auto-detected)
Maximum trimming error rate: 0.1 (default)
Minimum required adapter overlap (stringency): 1 bp
Minimum required sequence length for both reads before a sequence pair gets removed: 20 bp
Running FastQC on the data once trimming has completed
Running FastQC with the following extra arguments: -t 12
Output file will be GZIP compressed


This is cutadapt 3.4 with Python 3.9.6
Command line parameters: -j 8 -e 0.1 -q 20 -O 1 -a AGATCGGAAGAGC mouse_48_trimmed_1.fastq.gz
Processing reads on 8 cores in single-end mode ...
Finished in 16.59 s (2 µs/read; 36.17 M reads/minute).

=== Summary ===

Total reads processed:              10,000,000
Reads with adapters:                 9,664,555 (96.6%)
Reads written (passing filters):    10,000,000 (100.0%)

Total basepairs processed: 1,500,000,000 bp
Quality-trimmed:              22,076,709 bp (1.5%)
Total written (filtered):    432,065,466 bp (28.8%)

=== Adapter 1 ===

Sequence: AGATCGGAAGAGC; Type: regular 3'; Length: 13; Trimmed: 9664555 times

No. of allowed errors:
1-9 bp: 0; 10-13 bp: 1

Bases preceding removed adapters:
  A: 0.3%
  C: 77.5%
  G: 21.4%
  T: 0.2%
  none/other: 0.6%

Overview of removed sequences
length	count	expect	max.err	error counts
1	57478	2500000.0	0	57478
2	13392	625000.0	0	13392
3	6327	156250.0	0	6327
4	7429	39062.5	0	7429
5	9987	9765.6	0	9987
6	6662	2441.4	0	6662
7	15980	610.4	0	15980
8	6718	152.6	0	6718
9	4626	38.1	0	4602 24
10	4705	9.5	1	4541 164
11	4208	2.4	1	4028 180
12	5920	0.6	1	5785 135
13	5119	0.1	1	4916 203
14	5741	0.1	1	5555 186
15	5454	0.1	1	5199 255
16	5139	0.1	1	4938 201
17	7137	0.1	1	6720 417
18	4596	0.1	1	4440 156
19	6925	0.1	1	6734 191
20	5482	0.1	1	5230 252
21	7429	0.1	1	7041 388
22	6168	0.1	1	5984 184
23	6624	0.1	1	6462 162
24	7799	0.1	1	7605 194
25	5992	0.1	1	5742 250
26	5735	0.1	1	5564 171
27	5820	0.1	1	5609 211
28	7260	0.1	1	6881 379
29	8663	0.1	1	8263 400
30	8374	0.1	1	8185 189
31	7628	0.1	1	7419 209
32	8072	0.1	1	7721 351
33	8069	0.1	1	7851 218
34	11236	0.1	1	10676 560
35	8517	0.1	1	8248 269
36	9532	0.1	1	9213 319
37	12399	0.1	1	12042 357
38	11984	0.1	1	11559 425
39	14301	0.1	1	13758 543
40	14311	0.1	1	13795 516
41	15148	0.1	1	14594 554
42	18107	0.1	1	17115 992
43	22398	0.1	1	20977 1421
44	68512	0.1	1	65814 2698
45	24291	0.1	1	22493 1798
46	76787	0.1	1	74745 2042
47	43445	0.1	1	41251 2194
48	47578	0.1	1	45727 1851
49	102814	0.1	1	101130 1684
50	35059	0.1	1	33213 1846
51	160398	0.1	1	158399 1999
52	22759	0.1	1	22323 436
53	6260	0.1	1	5907 353
54	13368	0.1	1	12983 385
55	2351	0.1	1	1964 387
56	26875	0.1	1	26376 499
57	3153	0.1	1	2881 272
58	15213	0.1	1	14398 815
59	53673	0.1	1	52852 821
60	5750	0.1	1	5219 531
61	25267	0.1	1	24614 653
62	17024	0.1	1	16708 316
63	2518	0.1	1	2283 235
64	15514	0.1	1	14881 633
65	32564	0.1	1	31838 726
66	31518	0.1	1	30977 541
67	2674	0.1	1	2476 198
68	13757	0.1	1	13331 426
69	17402	0.1	1	16957 445
70	26321	0.1	1	25705 616
71	25598	0.1	1	25050 548
72	21282	0.1	1	20934 348
73	7595	0.1	1	7399 196
74	7555	0.1	1	7062 493
75	17514	0.1	1	16829 685
76	36138	0.1	1	35108 1030
77	42037	0.1	1	41016 1021
78	43279	0.1	1	42222 1057
79	41648	0.1	1	40585 1063
80	42453	0.1	1	41304 1149
81	44060	0.1	1	42703 1357
82	47441	0.1	1	45953 1488
83	64676	0.1	1	62822 1854
84	51236	0.1	1	49649 1587
85	44787	0.1	1	43487 1300
86	47761	0.1	1	46208 1553
87	40860	0.1	1	39514 1346
88	44319	0.1	1	43162 1157
89	44839	0.1	1	43485 1354
90	52631	0.1	1	51127 1504
91	62837	0.1	1	61109 1728
92	50157	0.1	1	48531 1626
93	60285	0.1	1	58622 1663
94	64734	0.1	1	63105 1629
95	72980	0.1	1	70728 2252
96	81438	0.1	1	79508 1930
97	78159	0.1	1	76025 2134
98	74088	0.1	1	72188 1900
99	76198	0.1	1	73996 2202
100	90176	0.1	1	88008 2168
101	126222	0.1	1	123405 2817
102	156006	0.1	1	152457 3549
103	117511	0.1	1	114777 2734
104	99777	0.1	1	97181 2596
105	95234	0.1	1	93008 2226
106	106174	0.1	1	103808 2366
107	119813	0.1	1	116926 2887
108	143081	0.1	1	140055 3026
109	128874	0.1	1	125758 3116
110	171064	0.1	1	167561 3503
111	205430	0.1	1	201390 4040
112	144793	0.1	1	141369 3424
113	147984	0.1	1	144919 3065
114	139737	0.1	1	136694 3043
115	160420	0.1	1	157099 3321
116	167898	0.1	1	164749 3149
117	158954	0.1	1	155692 3262
118	168792	0.1	1	165688 3104
119	135590	0.1	1	132898 2692
120	171232	0.1	1	168069 3163
121	171797	0.1	1	168667 3130
122	199312	0.1	1	195645 3667
123	226629	0.1	1	222380 4249
124	190891	0.1	1	187392 3499
125	170662	0.1	1	167290 3372
126	173321	0.1	1	170079 3242
127	162326	0.1	1	159276 3050
128	156187	0.1	1	153406 2781
129	166214	0.1	1	163298 2916
130	162811	0.1	1	159828 2983
131	171029	0.1	1	167846 3183
132	179559	0.1	1	176298 3261
133	155091	0.1	1	152075 3016
134	136111	0.1	1	133442 2669
135	81724	0.1	1	79935 1789
136	75149	0.1	1	73391 1758
137	62350	0.1	1	60877 1473
138	42726	0.1	1	41566 1160
139	24123	0.1	1	23412 711
140	8896	0.1	1	8576 320
141	5426	0.1	1	5209 217
142	5503	0.1	1	5279 224
143	12402	0.1	1	12040 362
144	9827	0.1	1	9434 393
145	44569	0.1	1	42971 1598
146	342200	0.1	1	333589 8611
147	142152	0.1	1	138658 3494
148	46181	0.1	1	44431 1750
149	77099	0.1	1	72525 4574
150	605505	0.1	1	116279 489226

RUN STATISTICS FOR INPUT FILE: mouse_48_trimmed_1.fastq.gz
=============================================
10000000 sequences processed in total

