
SUMMARISING RUN PARAMETERS
==========================
Input filename: mouse_42_trimmed_1.fastq.gz
Trimming mode: paired-end
Trim Galore version: 0.6.7
Cutadapt version: 3.4
Python version: could not detect
Number of cores used for trimming: 8
Quality Phred score cutoff: 20
Quality encoding type selected: ASCII+33
Using Illumina adapter for trimming (count: 861889). Second best hit was Nextera (count: 3)
Adapter sequence: 'AGATCGGAAGAGC' (Illumina TruSeq, Sanger iPCR; auto-detected)
Maximum trimming error rate: 0.1 (default)
Minimum required adapter overlap (stringency): 1 bp
Minimum required sequence length for both reads before a sequence pair gets removed: 20 bp
Running FastQC on the data once trimming has completed
Running FastQC with the following extra arguments: -t 12
Output file will be GZIP compressed


This is cutadapt 3.4 with Python 3.9.6
Command line parameters: -j 8 -e 0.1 -q 20 -O 1 -a AGATCGGAAGAGC mouse_42_trimmed_1.fastq.gz
Processing reads on 8 cores in single-end mode ...
Finished in 16.43 s (2 µs/read; 36.52 M reads/minute).

=== Summary ===

Total reads processed:              10,000,000
Reads with adapters:                 9,534,030 (95.3%)
Reads written (passing filters):    10,000,000 (100.0%)

Total basepairs processed: 1,500,000,000 bp
Quality-trimmed:              25,744,190 bp (1.7%)
Total written (filtered):    443,643,200 bp (29.6%)

=== Adapter 1 ===

Sequence: AGATCGGAAGAGC; Type: regular 3'; Length: 13; Trimmed: 9534030 times

No. of allowed errors:
1-9 bp: 0; 10-13 bp: 1

Bases preceding removed adapters:
  A: 0.4%
  C: 78.3%
  G: 20.4%
  T: 0.2%
  none/other: 0.6%

Overview of removed sequences
length	count	expect	max.err	error counts
1	65823	2500000.0	0	65823
2	16309	625000.0	0	16309
3	6969	156250.0	0	6969
4	7881	39062.5	0	7881
5	7782	9765.6	0	7782
6	8433	2441.4	0	8433
7	20411	610.4	0	20411
8	8385	152.6	0	8385
9	5177	38.1	0	5150 27
10	4692	9.5	1	4508 184
11	4362	2.4	1	4153 209
12	5090	0.6	1	4965 125
13	4891	0.1	1	4650 241
14	6228	0.1	1	6041 187
15	5490	0.1	1	5202 288
16	4952	0.1	1	4743 209
17	6683	0.1	1	6163 520
18	4643	0.1	1	4452 191
19	6214	0.1	1	6030 184
20	6234	0.1	1	5927 307
21	8189	0.1	1	7690 499
22	6127	0.1	1	5939 188
23	8936	0.1	1	8722 214
24	11409	0.1	1	11145 264
25	6066	0.1	1	5784 282
26	5541	0.1	1	5373 168
27	5599	0.1	1	5366 233
28	7816	0.1	1	7324 492
29	9531	0.1	1	9028 503
30	9575	0.1	1	9328 247
31	7613	0.1	1	7380 233
32	8109	0.1	1	7781 328
33	9117	0.1	1	8729 388
34	11311	0.1	1	10832 479
35	8484	0.1	1	8070 414
36	12487	0.1	1	11759 728
37	11809	0.1	1	11442 367
38	10910	0.1	1	10542 368
39	14031	0.1	1	13419 612
40	18024	0.1	1	17091 933
41	14315	0.1	1	13782 533
42	15591	0.1	1	14815 776
43	20550	0.1	1	19267 1283
44	73764	0.1	1	70959 2805
45	22004	0.1	1	19563 2441
46	191508	0.1	1	187157 4351
47	94743	0.1	1	91518 3225
48	112912	0.1	1	110457 2455
49	54260	0.1	1	53306 954
50	10070	0.1	1	9387 683
51	33909	0.1	1	33067 842
52	14907	0.1	1	14329 578
53	11642	0.1	1	11186 456
54	5844	0.1	1	5472 372
55	1991	0.1	1	1597 394
56	16082	0.1	1	15642 440
57	2154	0.1	1	1844 310
58	12636	0.1	1	11968 668
59	30559	0.1	1	29877 682
60	6920	0.1	1	6351 569
61	22182	0.1	1	21570 612
62	17220	0.1	1	16798 422
63	4327	0.1	1	3984 343
64	14869	0.1	1	14215 654
65	30105	0.1	1	29191 914
66	44493	0.1	1	43590 903
67	10755	0.1	1	10436 319
68	4351	0.1	1	4092 259
69	10535	0.1	1	10157 378
70	18803	0.1	1	18252 551
71	20843	0.1	1	20271 572
72	18856	0.1	1	18433 423
73	9826	0.1	1	9563 263
74	6359	0.1	1	5816 543
75	16160	0.1	1	15420 740
76	32995	0.1	1	31894 1101
77	41551	0.1	1	40380 1171
78	43478	0.1	1	42268 1210
79	39951	0.1	1	38775 1176
80	42144	0.1	1	40709 1435
81	43111	0.1	1	41530 1581
82	43824	0.1	1	42294 1530
83	54444	0.1	1	52680 1764
84	43595	0.1	1	42047 1548
85	39094	0.1	1	37514 1580
86	40359	0.1	1	38652 1707
87	38293	0.1	1	36474 1819
88	44890	0.1	1	43390 1500
89	45793	0.1	1	44069 1724
90	52630	0.1	1	50534 2096
91	58369	0.1	1	56298 2071
92	50209	0.1	1	47900 2309
93	60238	0.1	1	58133 2105
94	64522	0.1	1	62508 2014
95	71556	0.1	1	68634 2922
96	73728	0.1	1	71505 2223
97	73847	0.1	1	71224 2623
98	72386	0.1	1	70155 2231
99	74273	0.1	1	71440 2833
100	83786	0.1	1	81265 2521
101	104791	0.1	1	101965 2826
102	128701	0.1	1	124989 3712
103	116385	0.1	1	113124 3261
104	104052	0.1	1	100797 3255
105	102380	0.1	1	99480 2900
106	106163	0.1	1	103226 2937
107	111518	0.1	1	107857 3661
108	130247	0.1	1	126816 3431
109	131539	0.1	1	127590 3949
110	154642	0.1	1	150989 3653
111	174675	0.1	1	170730 3945
112	146904	0.1	1	142703 4201
113	146133	0.1	1	142675 3458
114	147187	0.1	1	143250 3937
115	184131	0.1	1	179682 4449
116	207800	0.1	1	203333 4467
117	173090	0.1	1	168908 4182
118	213375	0.1	1	209035 4340
119	154394	0.1	1	150829 3565
120	169221	0.1	1	165776 3445
121	164979	0.1	1	161625 3354
122	185597	0.1	1	181935 3662
123	218859	0.1	1	214714 4145
124	185125	0.1	1	181632 3493
125	172477	0.1	1	169210 3267
126	177834	0.1	1	174440 3394
127	160013	0.1	1	157062 2951
128	152544	0.1	1	149799 2745
129	158199	0.1	1	155362 2837
130	152188	0.1	1	149418 2770
131	155197	0.1	1	152288 2909
132	154036	0.1	1	151159 2877
133	131056	0.1	1	128497 2559
134	111037	0.1	1	108872 2165
135	69279	0.1	1	67615 1664
136	68450	0.1	1	66824 1626
137	61952	0.1	1	60496 1456
138	50235	0.1	1	48721 1514
139	28121	0.1	1	27322 799
140	11603	0.1	1	11208 395
141	7717	0.1	1	7401 316
142	7243	0.1	1	6976 267
143	15323	0.1	1	14900 423
144	10311	0.1	1	9902 409
145	42576	0.1	1	41052 1524
146	332570	0.1	1	324004 8566
147	147696	0.1	1	143841 3855
148	46909	0.1	1	44996 1913
149	73737	0.1	1	68841 4896
150	651395	0.1	1	119657 531738

RUN STATISTICS FOR INPUT FILE: mouse_42_trimmed_1.fastq.gz
=============================================
10000000 sequences processed in total

