
SUMMARISING RUN PARAMETERS
==========================
Input filename: mouse_41_trimmed_1.fastq.gz
Trimming mode: paired-end
Trim Galore version: 0.6.7
Cutadapt version: 3.4
Python version: could not detect
Number of cores used for trimming: 8
Quality Phred score cutoff: 20
Quality encoding type selected: ASCII+33
Using Illumina adapter for trimming (count: 680917). Second best hit was smallRNA (count: 4)
Adapter sequence: 'AGATCGGAAGAGC' (Illumina TruSeq, Sanger iPCR; auto-detected)
Maximum trimming error rate: 0.1 (default)
Minimum required adapter overlap (stringency): 1 bp
Minimum required sequence length for both reads before a sequence pair gets removed: 20 bp
Running FastQC on the data once trimming has completed
Running FastQC with the following extra arguments: -t 12
Output file will be GZIP compressed


This is cutadapt 3.4 with Python 3.9.6
Command line parameters: -j 8 -e 0.1 -q 20 -O 1 -a AGATCGGAAGAGC mouse_41_trimmed_1.fastq.gz
Processing reads on 8 cores in single-end mode ...
Finished in 16.52 s (2 µs/read; 36.31 M reads/minute).

=== Summary ===

Total reads processed:              10,000,000
Reads with adapters:                 8,579,355 (85.8%)
Reads written (passing filters):    10,000,000 (100.0%)

Total basepairs processed: 1,500,000,000 bp
Quality-trimmed:              23,188,961 bp (1.5%)
Total written (filtered):    486,661,224 bp (32.4%)

=== Adapter 1 ===

Sequence: AGATCGGAAGAGC; Type: regular 3'; Length: 13; Trimmed: 8579355 times

No. of allowed errors:
1-9 bp: 0; 10-13 bp: 1

Bases preceding removed adapters:
  A: 1.3%
  C: 79.1%
  G: 16.3%
  T: 0.9%
  none/other: 2.3%

Overview of removed sequences
length	count	expect	max.err	error counts
1	211869	2500000.0	0	211869
2	53579	625000.0	0	53579
3	19768	156250.0	0	19768
4	11292	39062.5	0	11292
5	8942	9765.6	0	8942
6	6979	2441.4	0	6979
7	8607	610.4	0	8607
8	6400	152.6	0	6400
9	6096	38.1	0	6065 31
10	5567	9.5	1	5302 265
11	5672	2.4	1	5402 270
12	5791	0.6	1	5564 227
13	5880	0.1	1	5576 304
14	7420	0.1	1	7109 311
15	5233	0.1	1	4921 312
16	5777	0.1	1	5507 270
17	7425	0.1	1	6801 624
18	5339	0.1	1	5134 205
19	5863	0.1	1	5623 240
20	6266	0.1	1	5903 363
21	7615	0.1	1	7102 513
22	5972	0.1	1	5716 256
23	7103	0.1	1	6874 229
24	6564	0.1	1	6337 227
25	5801	0.1	1	5482 319
26	5384	0.1	1	5188 196
27	5467	0.1	1	5211 256
28	6792	0.1	1	6249 543
29	8008	0.1	1	7528 480
30	5585	0.1	1	5365 220
31	5889	0.1	1	5656 233
32	6187	0.1	1	5820 367
33	6296	0.1	1	5995 301
34	6964	0.1	1	6496 468
35	10307	0.1	1	9493 814
36	6339	0.1	1	5986 353
37	8202	0.1	1	7745 457
38	6776	0.1	1	6446 330
39	9211	0.1	1	8552 659
40	8695	0.1	1	8150 545
41	12313	0.1	1	11456 857
42	8579	0.1	1	7708 871
43	11629	0.1	1	10397 1232
44	46865	0.1	1	44447 2418
45	20057	0.1	1	17624 2433
46	160793	0.1	1	157021 3772
47	34008	0.1	1	31452 2556
48	48558	0.1	1	46259 2299
49	21194	0.1	1	20130 1064
50	8084	0.1	1	7233 851
51	22380	0.1	1	21182 1198
52	9043	0.1	1	8364 679
53	6729	0.1	1	6102 627
54	5116	0.1	1	4482 634
55	2084	0.1	1	1481 603
56	10624	0.1	1	10080 544
57	1650	0.1	1	1277 373
58	8356	0.1	1	7565 791
59	18496	0.1	1	17784 712
60	4110	0.1	1	3505 605
61	14600	0.1	1	13954 646
62	11221	0.1	1	10787 434
63	2454	0.1	1	2166 288
64	9784	0.1	1	9085 699
65	17936	0.1	1	17201 735
66	24982	0.1	1	24308 674
67	5237	0.1	1	5041 196
68	2692	0.1	1	2469 223
69	6586	0.1	1	6284 302
70	11517	0.1	1	11072 445
71	12007	0.1	1	11561 446
72	11632	0.1	1	11256 376
73	5362	0.1	1	5217 145
74	2565	0.1	1	2383 182
75	8791	0.1	1	8299 492
76	21484	0.1	1	20611 873
77	28141	0.1	1	27177 964
78	26752	0.1	1	25839 913
79	22253	0.1	1	21431 822
80	23045	0.1	1	22043 1002
81	24631	0.1	1	23414 1217
82	24984	0.1	1	23748 1236
83	29802	0.1	1	28511 1291
84	24529	0.1	1	23347 1182
85	22077	0.1	1	20823 1254
86	22289	0.1	1	20902 1387
87	22928	0.1	1	21244 1684
88	27166	0.1	1	25733 1433
89	27727	0.1	1	25972 1755
90	30678	0.1	1	28761 1917
91	33983	0.1	1	30533 3450
92	33709	0.1	1	27135 6574
93	35451	0.1	1	33514 1937
94	36218	0.1	1	34465 1753
95	39054	0.1	1	36205 2849
96	39407	0.1	1	37446 1961
97	40419	0.1	1	38223 2196
98	43403	0.1	1	41333 2070
99	46063	0.1	1	43427 2636
100	49232	0.1	1	47007 2225
101	57437	0.1	1	55070 2367
102	68167	0.1	1	65218 2949
103	71173	0.1	1	68239 2934
104	63438	0.1	1	60408 3030
105	63306	0.1	1	60615 2691
106	67280	0.1	1	64510 2770
107	71083	0.1	1	67431 3652
108	84197	0.1	1	80808 3389
109	91872	0.1	1	87526 4346
110	113352	0.1	1	109341 4011
111	130612	0.1	1	126181 4431
112	109411	0.1	1	104209 5202
113	104229	0.1	1	100557 3672
114	103571	0.1	1	99354 4217
115	118329	0.1	1	113805 4524
116	131881	0.1	1	127630 4251
117	120342	0.1	1	115421 4921
118	137166	0.1	1	132783 4383
119	112061	0.1	1	108006 4055
120	119644	0.1	1	115878 3766
121	113836	0.1	1	110391 3445
122	130681	0.1	1	126995 3686
123	117093	0.1	1	114056 3037
124	117260	0.1	1	114317 2943
125	105207	0.1	1	102530 2677
126	105073	0.1	1	102483 2590
127	98173	0.1	1	95803 2370
128	94338	0.1	1	92227 2111
129	89548	0.1	1	87483 2065
130	90325	0.1	1	88327 1998
131	84855	0.1	1	82838 2017
132	84947	0.1	1	82867 2080
133	72942	0.1	1	70993 1949
134	64924	0.1	1	63030 1894
135	57488	0.1	1	55178 2310
136	70370	0.1	1	67566 2804
137	71203	0.1	1	68150 3053
138	71198	0.1	1	67872 3326
139	50456	0.1	1	48422 2034
140	32127	0.1	1	30807 1320
141	18526	0.1	1	17795 731
142	14353	0.1	1	13789 564
143	25196	0.1	1	24384 812
144	15678	0.1	1	14953 725
145	99564	0.1	1	95909 3655
146	784079	0.1	1	762043 22036
147	341550	0.1	1	331822 9728
148	101352	0.1	1	97356 3996
149	163462	0.1	1	152340 11122
150	1432619	0.1	1	261508 1171111

RUN STATISTICS FOR INPUT FILE: mouse_41_trimmed_1.fastq.gz
=============================================
10000000 sequences processed in total

