
SUMMARISING RUN PARAMETERS
==========================
Input filename: mouse_28_trimmed_1.fastq.gz
Trimming mode: paired-end
Trim Galore version: 0.6.7
Cutadapt version: 3.4
Python version: could not detect
Number of cores used for trimming: 8
Quality Phred score cutoff: 20
Quality encoding type selected: ASCII+33
Using Illumina adapter for trimming (count: 621308). Second best hit was Nextera (count: 2)
Adapter sequence: 'AGATCGGAAGAGC' (Illumina TruSeq, Sanger iPCR; auto-detected)
Maximum trimming error rate: 0.1 (default)
Minimum required adapter overlap (stringency): 1 bp
Minimum required sequence length for both reads before a sequence pair gets removed: 20 bp
Running FastQC on the data once trimming has completed
Running FastQC with the following extra arguments: -t 12
Output file will be GZIP compressed


This is cutadapt 3.4 with Python 3.9.6
Command line parameters: -j 8 -e 0.1 -q 20 -O 1 -a AGATCGGAAGAGC mouse_28_trimmed_1.fastq.gz
Processing reads on 8 cores in single-end mode ...
Finished in 18.62 s (2 µs/read; 32.22 M reads/minute).

=== Summary ===

Total reads processed:              10,000,000
Reads with adapters:                 8,779,525 (87.8%)
Reads written (passing filters):    10,000,000 (100.0%)

Total basepairs processed: 1,500,000,000 bp
Quality-trimmed:              16,143,774 bp (1.1%)
Total written (filtered):    308,964,159 bp (20.6%)

=== Adapter 1 ===

Sequence: AGATCGGAAGAGC; Type: regular 3'; Length: 13; Trimmed: 8779525 times

No. of allowed errors:
1-9 bp: 0; 10-13 bp: 1

Bases preceding removed adapters:
  A: 0.8%
  C: 83.5%
  G: 12.0%
  T: 1.3%
  none/other: 2.4%
WARNING:
    The adapter is preceded by "C" extremely often.
    The provided adapter sequence could be incomplete at its 5' end.

Overview of removed sequences
length	count	expect	max.err	error counts
1	99847	2500000.0	0	99847
2	29404	625000.0	0	29404
3	10947	156250.0	0	10947
4	5151	39062.5	0	5151
5	4257	9765.6	0	4257
6	3779	2441.4	0	3779
7	3698	610.4	0	3698
8	3450	152.6	0	3450
9	3326	38.1	0	3306 20
10	3326	9.5	1	3213 113
11	3368	2.4	1	3239 129
12	3311	0.6	1	3207 104
13	3103	0.1	1	2994 109
14	3321	0.1	1	3220 101
15	3287	0.1	1	3123 164
16	3285	0.1	1	3179 106
17	3696	0.1	1	3486 210
18	3153	0.1	1	3019 134
19	3453	0.1	1	3343 110
20	3122	0.1	1	2978 144
21	3595	0.1	1	3416 179
22	2962	0.1	1	2851 111
23	3164	0.1	1	3054 110
24	3266	0.1	1	3174 92
25	3018	0.1	1	2889 129
26	2849	0.1	1	2759 90
27	3072	0.1	1	2937 135
28	3533	0.1	1	3257 276
29	3602	0.1	1	3395 207
30	3025	0.1	1	2906 119
31	3104	0.1	1	2984 120
32	3092	0.1	1	2894 198
33	3094	0.1	1	2944 150
34	3758	0.1	1	3488 270
35	2948	0.1	1	2783 165
36	3521	0.1	1	3259 262
37	3687	0.1	1	3407 280
38	3701	0.1	1	3398 303
39	3976	0.1	1	3524 452
40	4898	0.1	1	4427 471
41	4584	0.1	1	3964 620
42	6202	0.1	1	4342 1860
43	9436	0.1	1	7203 2233
44	24334	0.1	1	21426 2908
45	12102	0.1	1	9341 2761
46	28658	0.1	1	26651 2007
47	19578	0.1	1	15163 4415
48	18454	0.1	1	16371 2083
49	17294	0.1	1	16193 1101
50	7864	0.1	1	6752 1112
51	19367	0.1	1	17900 1467
52	6009	0.1	1	5249 760
53	3029	0.1	1	2251 778
54	4427	0.1	1	3472 955
55	1575	0.1	1	907 668
56	4320	0.1	1	3804 516
57	1062	0.1	1	684 378
58	3313	0.1	1	2483 830
59	7020	0.1	1	6425 595
60	1782	0.1	1	1219 563
61	4251	0.1	1	3772 479
62	3110	0.1	1	2852 258
63	767	0.1	1	604 163
64	3396	0.1	1	2810 586
65	6353	0.1	1	5892 461
66	4900	0.1	1	4581 319
67	992	0.1	1	858 134
68	1995	0.1	1	1822 173
69	3228	0.1	1	3046 182
70	4086	0.1	1	3912 174
71	3961	0.1	1	3807 154
72	3700	0.1	1	3555 145
73	1715	0.1	1	1611 104
74	1006	0.1	1	906 100
75	2216	0.1	1	1995 221
76	5340	0.1	1	5113 227
77	5531	0.1	1	5344 187
78	6011	0.1	1	5811 200
79	5926	0.1	1	5718 208
80	6540	0.1	1	6266 274
81	7071	0.1	1	6766 305
82	7471	0.1	1	7105 366
83	7487	0.1	1	7179 308
84	7793	0.1	1	7491 302
85	8925	0.1	1	8576 349
86	7834	0.1	1	7373 461
87	8661	0.1	1	7751 910
88	9738	0.1	1	8762 976
89	9520	0.1	1	8963 557
90	11071	0.1	1	10295 776
91	13226	0.1	1	9793 3433
92	32512	0.1	1	9707 22805
93	12415	0.1	1	10543 1872
94	12436	0.1	1	11319 1117
95	13221	0.1	1	12028 1193
96	12976	0.1	1	12231 745
97	13033	0.1	1	12280 753
98	13779	0.1	1	13248 531
99	14454	0.1	1	13812 642
100	15524	0.1	1	14913 611
101	18464	0.1	1	17788 676
102	23233	0.1	1	22334 899
103	25366	0.1	1	24523 843
104	22514	0.1	1	21643 871
105	22302	0.1	1	21489 813
106	23479	0.1	1	22619 860
107	25402	0.1	1	23920 1482
108	31694	0.1	1	30423 1271
109	32158	0.1	1	30706 1452
110	39305	0.1	1	37759 1546
111	41860	0.1	1	40229 1631
112	37397	0.1	1	35747 1650
113	34819	0.1	1	33576 1243
114	34298	0.1	1	32724 1574
115	49320	0.1	1	47815 1505
116	53262	0.1	1	51676 1586
117	46269	0.1	1	44661 1608
118	51490	0.1	1	49931 1559
119	40689	0.1	1	39276 1413
120	47122	0.1	1	45622 1500
121	44511	0.1	1	43163 1348
122	51840	0.1	1	50265 1575
123	47253	0.1	1	45938 1315
124	48238	0.1	1	46887 1351
125	45287	0.1	1	44047 1240
126	47410	0.1	1	46113 1297
127	49730	0.1	1	48326 1404
128	46783	0.1	1	45471 1312
129	46588	0.1	1	45257 1331
130	52039	0.1	1	50565 1474
131	51245	0.1	1	47989 3256
132	65770	0.1	1	55774 9996
133	57941	0.1	1	55228 2713
134	80746	0.1	1	76355 4391
135	113311	0.1	1	104948 8363
136	154328	0.1	1	143145 11183
137	176787	0.1	1	165587 11200
138	189173	0.1	1	179151 10022
139	144875	0.1	1	138841 6034
140	85557	0.1	1	81924 3633
141	36139	0.1	1	34701 1438
142	25420	0.1	1	24402 1018
143	32913	0.1	1	31696 1217
144	20900	0.1	1	19823 1077
145	196953	0.1	1	189727 7226
146	1558475	0.1	1	1511070 47405
147	709315	0.1	1	687561 21754
148	208101	0.1	1	199741 8360
149	331182	0.1	1	310515 20667
150	2577542	0.1	1	480486 2097056


WARNING:
    One or more of your adapter sequences may be incomplete.
    Please see the detailed output above.

RUN STATISTICS FOR INPUT FILE: mouse_28_trimmed_1.fastq.gz
=============================================
10000000 sequences processed in total

