
SUMMARISING RUN PARAMETERS
==========================
Input filename: mouse_41_trimmed_2.fastq.gz
Trimming mode: paired-end
Trim Galore version: 0.6.7
Cutadapt version: 3.4
Python version: could not detect
Number of cores used for trimming: 8
Quality Phred score cutoff: 20
Quality encoding type selected: ASCII+33
Using Illumina adapter for trimming (count: 680917). Second best hit was smallRNA (count: 4)
Adapter sequence: 'AGATCGGAAGAGC' (Illumina TruSeq, Sanger iPCR; auto-detected)
Maximum trimming error rate: 0.1 (default)
Minimum required adapter overlap (stringency): 1 bp
Minimum required sequence length for both reads before a sequence pair gets removed: 20 bp
Running FastQC on the data once trimming has completed
Running FastQC with the following extra arguments: -t 12
Output file will be GZIP compressed


This is cutadapt 3.4 with Python 3.9.6
Command line parameters: -j 8 -e 0.1 -q 20 -O 1 -a AGATCGGAAGAGC mouse_41_trimmed_2.fastq.gz
Processing reads on 8 cores in single-end mode ...
Finished in 15.95 s (2 µs/read; 37.61 M reads/minute).

=== Summary ===

Total reads processed:              10,000,000
Reads with adapters:                 7,421,197 (74.2%)
Reads written (passing filters):    10,000,000 (100.0%)

Total basepairs processed: 1,500,000,000 bp
Quality-trimmed:               6,763,239 bp (0.5%)
Total written (filtered):    676,930,815 bp (45.1%)

=== Adapter 1 ===

Sequence: AGATCGGAAGAGC; Type: regular 3'; Length: 13; Trimmed: 7421197 times

No. of allowed errors:
1-9 bp: 0; 10-13 bp: 1

Bases preceding removed adapters:
  A: 29.5%
  C: 20.0%
  G: 34.6%
  T: 15.3%
  none/other: 0.6%

Overview of removed sequences
length	count	expect	max.err	error counts
1	267593	2500000.0	0	267593
2	82788	625000.0	0	82788
3	34505	156250.0	0	34505
4	10018	39062.5	0	10018
5	6840	9765.6	0	6840
6	6610	2441.4	0	6610
7	8879	610.4	0	8879
8	6406	152.6	0	6406
9	5978	38.1	0	5931 47
10	5655	9.5	1	5386 269
11	5708	2.4	1	5297 411
12	5932	0.6	1	5730 202
13	5826	0.1	1	5528 298
14	6315	0.1	1	6072 243
15	6094	0.1	1	5817 277
16	6576	0.1	1	6038 538
17	6387	0.1	1	6079 308
18	6703	0.1	1	6193 510
19	8205	0.1	1	7672 533
20	7885	0.1	1	7521 364
21	6312	0.1	1	5980 332
22	5830	0.1	1	5598 232
23	7286	0.1	1	7057 229
24	7487	0.1	1	7212 275
25	5503	0.1	1	5302 201
26	5794	0.1	1	5554 240
27	9740	0.1	1	8951 789
28	4516	0.1	1	4290 226
29	7985	0.1	1	7551 434
30	5802	0.1	1	5551 251
31	6388	0.1	1	6034 354
32	5095	0.1	1	4955 140
33	7528	0.1	1	7331 197
34	4942	0.1	1	4729 213
35	7398	0.1	1	7133 265
36	4602	0.1	1	4482 120
37	6442	0.1	1	6225 217
38	8474	0.1	1	8122 352
39	9414	0.1	1	9104 310
40	5109	0.1	1	4955 154
41	6634	0.1	1	6440 194
42	6799	0.1	1	6627 172
43	9177	0.1	1	8843 334
44	6891	0.1	1	6722 169
45	13331	0.1	1	12960 371
46	8008	0.1	1	7764 244
47	7291	0.1	1	7133 158
48	9496	0.1	1	9261 235
49	9642	0.1	1	9465 177
50	9587	0.1	1	9373 214
51	11070	0.1	1	10802 268
52	14316	0.1	1	13960 356
53	7604	0.1	1	7422 182
54	13033	0.1	1	12813 220
55	13358	0.1	1	13029 329
56	11708	0.1	1	11490 218
57	12370	0.1	1	12140 230
58	15227	0.1	1	14848 379
59	16972	0.1	1	16594 378
60	16878	0.1	1	16604 274
61	18015	0.1	1	17574 441
62	18816	0.1	1	18433 383
63	7834	0.1	1	7664 170
64	13868	0.1	1	13598 270
65	13873	0.1	1	13567 306
66	20553	0.1	1	20136 417
67	19530	0.1	1	19085 445
68	17005	0.1	1	16607 398
69	13403	0.1	1	13122 281
70	21330	0.1	1	20985 345
71	12791	0.1	1	12473 318
72	18522	0.1	1	18065 457
73	20232	0.1	1	19679 553
74	24715	0.1	1	23949 766
75	35521	0.1	1	34774 747
76	28064	0.1	1	27526 538
77	22317	0.1	1	21797 520
78	28467	0.1	1	27785 682
79	23124	0.1	1	22490 634
80	23723	0.1	1	22938 785
81	25782	0.1	1	25018 764
82	25930	0.1	1	25188 742
83	30563	0.1	1	29782 781
84	25304	0.1	1	24519 785
85	22296	0.1	1	21541 755
86	22982	0.1	1	22032 950
87	23795	0.1	1	22804 991
88	27718	0.1	1	26590 1128
89	28307	0.1	1	27214 1093
90	31016	0.1	1	29773 1243
91	32990	0.1	1	31351 1639
92	29420	0.1	1	28028 1392
93	35705	0.1	1	34325 1380
94	36866	0.1	1	35383 1483
95	39865	0.1	1	38245 1620
96	40141	0.1	1	38332 1809
97	41699	0.1	1	40146 1553
98	44383	0.1	1	42506 1877
99	47975	0.1	1	46205 1770
100	49954	0.1	1	48019 1935
101	58311	0.1	1	56335 1976
102	69469	0.1	1	67153 2316
103	72054	0.1	1	69681 2373
104	65273	0.1	1	62960 2313
105	63940	0.1	1	61742 2198
106	67352	0.1	1	64788 2564
107	71884	0.1	1	69140 2744
108	82903	0.1	1	79786 3117
109	92817	0.1	1	89251 3566
110	111862	0.1	1	107537 4325
111	129477	0.1	1	125187 4290
112	109452	0.1	1	104716 4736
113	103668	0.1	1	99765 3903
114	104237	0.1	1	100404 3833
115	118734	0.1	1	114914 3820
116	131970	0.1	1	127641 4329
117	121315	0.1	1	117260 4055
118	138116	0.1	1	134042 4074
119	112181	0.1	1	108627 3554
120	120315	0.1	1	116693 3622
121	114284	0.1	1	111009 3275
122	131511	0.1	1	128058 3453
123	117530	0.1	1	114680 2850
124	118224	0.1	1	115472 2752
125	106125	0.1	1	103897 2228
126	106474	0.1	1	104332 2142
127	99673	0.1	1	97728 1945
128	95559	0.1	1	93792 1767
129	91034	0.1	1	89215 1819
130	91970	0.1	1	90171 1799
131	86312	0.1	1	84517 1795
132	86878	0.1	1	84930 1948
133	74147	0.1	1	72378 1769
134	66088	0.1	1	64372 1716
135	58066	0.1	1	56580 1486
136	70879	0.1	1	68937 1942
137	70914	0.1	1	68648 2266
138	71512	0.1	1	69458 2054
139	50592	0.1	1	49499 1093
140	31900	0.1	1	31233 667
141	18078	0.1	1	17664 414
142	13762	0.1	1	13436 326
143	24578	0.1	1	24056 522
144	13835	0.1	1	13477 358
145	95220	0.1	1	93104 2116
146	782680	0.1	1	764916 17764
147	342198	0.1	1	335012 7186
148	100016	0.1	1	97877 2139
149	157439	0.1	1	153810 3629
150	272053	0.1	1	267119 4934

RUN STATISTICS FOR INPUT FILE: mouse_41_trimmed_2.fastq.gz
=============================================
10000000 sequences processed in total

Total number of sequences analysed for the sequence pair length validation: 10000000

Number of sequence pairs removed because at least one read was shorter than the length cutoff (20 bp): 3738028 (37.38%)
