
SUMMARISING RUN PARAMETERS
==========================
Input filename: mouse_28_trimmed_2.fastq.gz
Trimming mode: paired-end
Trim Galore version: 0.6.7
Cutadapt version: 3.4
Python version: could not detect
Number of cores used for trimming: 8
Quality Phred score cutoff: 20
Quality encoding type selected: ASCII+33
Using Illumina adapter for trimming (count: 621308). Second best hit was Nextera (count: 2)
Adapter sequence: 'AGATCGGAAGAGC' (Illumina TruSeq, Sanger iPCR; auto-detected)
Maximum trimming error rate: 0.1 (default)
Minimum required adapter overlap (stringency): 1 bp
Minimum required sequence length for both reads before a sequence pair gets removed: 20 bp
Running FastQC on the data once trimming has completed
Running FastQC with the following extra arguments: -t 12
Output file will be GZIP compressed


This is cutadapt 3.4 with Python 3.9.6
Command line parameters: -j 8 -e 0.1 -q 20 -O 1 -a AGATCGGAAGAGC mouse_28_trimmed_2.fastq.gz
Processing reads on 8 cores in single-end mode ...
Finished in 17.34 s (2 µs/read; 34.61 M reads/minute).

=== Summary ===

Total reads processed:              10,000,000
Reads with adapters:                 6,552,876 (65.5%)
Reads written (passing filters):    10,000,000 (100.0%)

Total basepairs processed: 1,500,000,000 bp
Quality-trimmed:               4,051,592 bp (0.3%)
Total written (filtered):    645,873,994 bp (43.1%)

=== Adapter 1 ===

Sequence: AGATCGGAAGAGC; Type: regular 3'; Length: 13; Trimmed: 6552876 times

No. of allowed errors:
1-9 bp: 0; 10-13 bp: 1

Bases preceding removed adapters:
  A: 19.5%
  C: 30.0%
  G: 33.8%
  T: 16.0%
  none/other: 0.8%

Overview of removed sequences
length	count	expect	max.err	error counts
1	113202	2500000.0	0	113202
2	38289	625000.0	0	38289
3	14980	156250.0	0	14980
4	5595	39062.5	0	5595
5	3967	9765.6	0	3967
6	3668	2441.4	0	3668
7	4005	610.4	0	4005
8	3530	152.6	0	3530
9	3319	38.1	0	3292 27
10	3440	9.5	1	3308 132
11	3403	2.4	1	3272 131
12	3460	0.6	1	3344 116
13	3180	0.1	1	3046 134
14	3425	0.1	1	3311 114
15	3253	0.1	1	3145 108
16	3574	0.1	1	3355 219
17	3458	0.1	1	3328 130
18	3798	0.1	1	3553 245
19	4456	0.1	1	4178 278
20	4455	0.1	1	4232 223
21	3371	0.1	1	3202 169
22	2851	0.1	1	2739 112
23	3282	0.1	1	3174 108
24	3731	0.1	1	3592 139
25	2943	0.1	1	2835 108
26	3090	0.1	1	2972 118
27	4730	0.1	1	4484 246
28	2381	0.1	1	2276 105
29	4058	0.1	1	3896 162
30	2831	0.1	1	2727 104
31	3479	0.1	1	3316 163
32	2762	0.1	1	2677 85
33	4048	0.1	1	3945 103
34	2531	0.1	1	2439 92
35	3305	0.1	1	3184 121
36	3326	0.1	1	3208 118
37	4777	0.1	1	4623 154
38	1718	0.1	1	1626 92
39	3200	0.1	1	3112 88
40	3475	0.1	1	3374 101
41	2969	0.1	1	2893 76
42	3102	0.1	1	3035 67
43	3516	0.1	1	3412 104
44	2914	0.1	1	2842 72
45	4642	0.1	1	4533 109
46	2954	0.1	1	2869 85
47	2930	0.1	1	2855 75
48	3505	0.1	1	3425 80
49	3514	0.1	1	3416 98
50	3240	0.1	1	3145 95
51	3293	0.1	1	3216 77
52	5258	0.1	1	5128 130
53	2396	0.1	1	2331 65
54	3421	0.1	1	3336 85
55	3794	0.1	1	3695 99
56	3369	0.1	1	3289 80
57	3986	0.1	1	3883 103
58	4908	0.1	1	4796 112
59	4507	0.1	1	4386 121
60	3901	0.1	1	3791 110
61	4170	0.1	1	4071 99
62	5558	0.1	1	5472 86
63	2559	0.1	1	2489 70
64	4722	0.1	1	4633 89
65	3729	0.1	1	3652 77
66	4838	0.1	1	4757 81
67	5286	0.1	1	5169 117
68	4650	0.1	1	4542 108
69	4263	0.1	1	4155 108
70	6443	0.1	1	6329 114
71	3685	0.1	1	3569 116
72	5456	0.1	1	5312 144
73	5830	0.1	1	5686 144
74	6414	0.1	1	6209 205
75	8630	0.1	1	8453 177
76	5929	0.1	1	5803 126
77	4856	0.1	1	4729 127
78	6694	0.1	1	6534 160
79	6472	0.1	1	6317 155
80	6750	0.1	1	6585 165
81	7382	0.1	1	7216 166
82	7582	0.1	1	7384 198
83	7669	0.1	1	7492 177
84	7908	0.1	1	7710 198
85	7759	0.1	1	7538 221
86	7922	0.1	1	7716 206
87	8204	0.1	1	7958 246
88	9236	0.1	1	9021 215
89	9566	0.1	1	9281 285
90	10696	0.1	1	10108 588
91	10347	0.1	1	10085 262
92	10356	0.1	1	10087 269
93	11201	0.1	1	10913 288
94	11980	0.1	1	11663 317
95	12755	0.1	1	12425 330
96	12870	0.1	1	12531 339
97	13068	0.1	1	12714 354
98	13897	0.1	1	13504 393
99	14518	0.1	1	14190 328
100	15626	0.1	1	15238 388
101	18530	0.1	1	18084 446
102	23386	0.1	1	22806 580
103	25252	0.1	1	24673 579
104	22548	0.1	1	22007 541
105	22053	0.1	1	21541 512
106	23150	0.1	1	22572 578
107	24266	0.1	1	23635 631
108	27748	0.1	1	26996 752
109	30923	0.1	1	30126 797
110	35162	0.1	1	34009 1153
111	38880	0.1	1	37741 1139
112	34696	0.1	1	33391 1305
113	31960	0.1	1	31036 924
114	33205	0.1	1	32228 977
115	44643	0.1	1	43508 1135
116	53058	0.1	1	51678 1380
117	46666	0.1	1	45414 1252
118	52457	0.1	1	51072 1385
119	41394	0.1	1	40228 1166
120	47259	0.1	1	45981 1278
121	45137	0.1	1	43947 1190
122	52317	0.1	1	50976 1341
123	46990	0.1	1	45868 1122
124	49252	0.1	1	48067 1185
125	45666	0.1	1	44592 1074
126	48913	0.1	1	47772 1141
127	51608	0.1	1	50435 1173
128	48113	0.1	1	46978 1135
129	47936	0.1	1	46715 1221
130	53981	0.1	1	52384 1597
131	52987	0.1	1	50648 2339
132	61007	0.1	1	58535 2472
133	59644	0.1	1	56264 3380
134	82407	0.1	1	77729 4678
135	112653	0.1	1	105802 6851
136	152160	0.1	1	141765 10395
137	166852	0.1	1	151241 15611
138	186503	0.1	1	174953 11550
139	146600	0.1	1	141850 4750
140	85344	0.1	1	83046 2298
141	35382	0.1	1	34337 1045
142	24332	0.1	1	23691 641
143	31696	0.1	1	30986 710
144	17603	0.1	1	17143 460
145	187572	0.1	1	183554 4018
146	1558666	0.1	1	1525005 33661
147	710174	0.1	1	696033 14141
148	206139	0.1	1	202093 4046
149	321344	0.1	1	314226 7118
150	500721	0.1	1	491101 9620

RUN STATISTICS FOR INPUT FILE: mouse_28_trimmed_2.fastq.gz
=============================================
10000000 sequences processed in total

Total number of sequences analysed for the sequence pair length validation: 10000000

Number of sequence pairs removed because at least one read was shorter than the length cutoff (20 bp): 6968509 (69.69%)
