
SUMMARISING RUN PARAMETERS
==========================
Input filename: mouse_32_trimmed_1.fastq.gz
Trimming mode: paired-end
Trim Galore version: 0.6.7
Cutadapt version: 3.4
Python version: could not detect
Number of cores used for trimming: 8
Quality Phred score cutoff: 20
Quality encoding type selected: ASCII+33
Using Illumina adapter for trimming (count: 855306). Second best hit was Nextera (count: 1)
Adapter sequence: 'AGATCGGAAGAGC' (Illumina TruSeq, Sanger iPCR; auto-detected)
Maximum trimming error rate: 0.1 (default)
Minimum required adapter overlap (stringency): 1 bp
Minimum required sequence length for both reads before a sequence pair gets removed: 20 bp
Running FastQC on the data once trimming has completed
Running FastQC with the following extra arguments: -t 12
Output file will be GZIP compressed


This is cutadapt 3.4 with Python 3.9.6
Command line parameters: -j 8 -e 0.1 -q 20 -O 1 -a AGATCGGAAGAGC mouse_32_trimmed_1.fastq.gz
Processing reads on 8 cores in single-end mode ...
Finished in 16.43 s (2 µs/read; 36.52 M reads/minute).

=== Summary ===

Total reads processed:              10,000,000
Reads with adapters:                 9,549,352 (95.5%)
Reads written (passing filters):    10,000,000 (100.0%)

Total basepairs processed: 1,500,000,000 bp
Quality-trimmed:              27,610,692 bp (1.8%)
Total written (filtered):    425,905,480 bp (28.4%)

=== Adapter 1 ===

Sequence: AGATCGGAAGAGC; Type: regular 3'; Length: 13; Trimmed: 9549352 times

No. of allowed errors:
1-9 bp: 0; 10-13 bp: 1

Bases preceding removed adapters:
  A: 0.3%
  C: 79.1%
  G: 19.5%
  T: 0.2%
  none/other: 0.9%

Overview of removed sequences
length	count	expect	max.err	error counts
1	52080	2500000.0	0	52080
2	12467	625000.0	0	12467
3	5646	156250.0	0	5646
4	6677	39062.5	0	6677
5	6364	9765.6	0	6364
6	6848	2441.4	0	6848
7	13871	610.4	0	13871
8	6368	152.6	0	6368
9	4093	38.1	0	4077 16
10	4114	9.5	1	3930 184
11	3873	2.4	1	3640 233
12	4551	0.6	1	4428 123
13	4429	0.1	1	4187 242
14	5528	0.1	1	5385 143
15	5111	0.1	1	4831 280
16	4835	0.1	1	4568 267
17	6523	0.1	1	6049 474
18	4367	0.1	1	4153 214
19	6203	0.1	1	5936 267
20	5480	0.1	1	5209 271
21	7755	0.1	1	7201 554
22	5721	0.1	1	5512 209
23	8481	0.1	1	8246 235
24	8681	0.1	1	8463 218
25	5365	0.1	1	5049 316
26	5045	0.1	1	4877 168
27	5214	0.1	1	4999 215
28	7658	0.1	1	7104 554
29	9200	0.1	1	8682 518
30	8496	0.1	1	8318 178
31	6678	0.1	1	6443 235
32	7279	0.1	1	6907 372
33	7461	0.1	1	7187 274
34	11202	0.1	1	10557 645
35	7688	0.1	1	7416 272
36	9070	0.1	1	8750 320
37	11922	0.1	1	11529 393
38	11984	0.1	1	11547 437
39	14651	0.1	1	13970 681
40	25160	0.1	1	23776 1384
41	18191	0.1	1	17454 737
42	14915	0.1	1	14104 811
43	22525	0.1	1	20930 1595
44	100744	0.1	1	97924 2820
45	29830	0.1	1	26847 2983
46	281512	0.1	1	277230 4282
47	37564	0.1	1	35771 1793
48	105609	0.1	1	103341 2268
49	28245	0.1	1	27367 878
50	13305	0.1	1	12471 834
51	16642	0.1	1	15683 959
52	9976	0.1	1	8840 1136
53	12168	0.1	1	11667 501
54	5194	0.1	1	4607 587
55	3542	0.1	1	2688 854
56	12932	0.1	1	12392 540
57	4899	0.1	1	4349 550
58	15549	0.1	1	14819 730
59	29248	0.1	1	28442 806
60	23044	0.1	1	22139 905
61	30428	0.1	1	29663 765
62	21204	0.1	1	20626 578
63	12129	0.1	1	11628 501
64	18647	0.1	1	17956 691
65	35699	0.1	1	34690 1009
66	60964	0.1	1	59667 1297
67	48991	0.1	1	48282 709
68	4966	0.1	1	4806 160
69	2473	0.1	1	2310 163
70	7390	0.1	1	7132 258
71	10199	0.1	1	9911 288
72	10511	0.1	1	10191 320
73	7556	0.1	1	7340 216
74	4398	0.1	1	4066 332
75	11576	0.1	1	10998 578
76	33086	0.1	1	32204 882
77	43407	0.1	1	42317 1090
78	44786	0.1	1	43703 1083
79	37823	0.1	1	36786 1037
80	40005	0.1	1	38899 1106
81	45990	0.1	1	44527 1463
82	42652	0.1	1	41309 1343
83	61257	0.1	1	59659 1598
84	40689	0.1	1	39396 1293
85	32444	0.1	1	31300 1144
86	32793	0.1	1	31572 1221
87	32729	0.1	1	31359 1370
88	41173	0.1	1	39913 1260
89	41519	0.1	1	40016 1503
90	47330	0.1	1	45673 1657
91	49867	0.1	1	48275 1592
92	42153	0.1	1	40211 1942
93	52576	0.1	1	50876 1700
94	54674	0.1	1	52972 1702
95	59427	0.1	1	56975 2452
96	59424	0.1	1	57601 1823
97	63242	0.1	1	61064 2178
98	62298	0.1	1	60390 1908
99	66381	0.1	1	63965 2416
100	73251	0.1	1	71083 2168
101	89631	0.1	1	87201 2430
102	115459	0.1	1	112351 3108
103	112682	0.1	1	109512 3170
104	103708	0.1	1	100480 3228
105	94487	0.1	1	91968 2519
106	96655	0.1	1	93928 2727
107	101067	0.1	1	97827 3240
108	118163	0.1	1	115034 3129
109	128232	0.1	1	124565 3667
110	139820	0.1	1	136518 3302
111	154485	0.1	1	150956 3529
112	132422	0.1	1	128631 3791
113	128896	0.1	1	125758 3138
114	133579	0.1	1	130167 3412
115	190880	0.1	1	186512 4368
116	228090	0.1	1	223340 4750
117	179905	0.1	1	175480 4425
118	216437	0.1	1	211813 4624
119	151052	0.1	1	147299 3753
120	156826	0.1	1	153536 3290
121	151148	0.1	1	148136 3012
122	173488	0.1	1	170055 3433
123	198191	0.1	1	194318 3873
124	176048	0.1	1	172582 3466
125	165085	0.1	1	161701 3384
126	169164	0.1	1	165869 3295
127	148815	0.1	1	145952 2863
128	142534	0.1	1	139922 2612
129	148042	0.1	1	145315 2727
130	139855	0.1	1	137319 2536
131	136536	0.1	1	133936 2600
132	142101	0.1	1	139448 2653
133	123698	0.1	1	121286 2412
134	103654	0.1	1	101487 2167
135	68205	0.1	1	66566 1639
136	76391	0.1	1	74502 1889
137	76823	0.1	1	74935 1888
138	76937	0.1	1	74703 2234
139	41942	0.1	1	40693 1249
140	17762	0.1	1	17185 577
141	12832	0.1	1	12411 421
142	10385	0.1	1	10038 347
143	22517	0.1	1	21889 628
144	15405	0.1	1	14787 618
145	59090	0.1	1	56909 2181
146	430237	0.1	1	419232 11005
147	182283	0.1	1	177483 4800
148	53558	0.1	1	51404 2154
149	94701	0.1	1	88630 6071
150	791569	0.1	1	144424 647145

RUN STATISTICS FOR INPUT FILE: mouse_32_trimmed_1.fastq.gz
=============================================
10000000 sequences processed in total

