
SUMMARISING RUN PARAMETERS
==========================
Input filename: mouse_45_trimmed_1.fastq.gz
Trimming mode: paired-end
Trim Galore version: 0.6.7
Cutadapt version: 3.4
Python version: could not detect
Number of cores used for trimming: 8
Quality Phred score cutoff: 20
Quality encoding type selected: ASCII+33
Using Illumina adapter for trimming (count: 884188). Second best hit was smallRNA (count: 2)
Adapter sequence: 'AGATCGGAAGAGC' (Illumina TruSeq, Sanger iPCR; auto-detected)
Maximum trimming error rate: 0.1 (default)
Minimum required adapter overlap (stringency): 1 bp
Minimum required sequence length for both reads before a sequence pair gets removed: 20 bp
Running FastQC on the data once trimming has completed
Running FastQC with the following extra arguments: -t 12
Output file will be GZIP compressed


This is cutadapt 3.4 with Python 3.9.6
Command line parameters: -j 8 -e 0.1 -q 20 -O 1 -a AGATCGGAAGAGC mouse_45_trimmed_1.fastq.gz
Processing reads on 8 cores in single-end mode ...
Finished in 16.97 s (2 µs/read; 35.35 M reads/minute).

=== Summary ===

Total reads processed:              10,000,000
Reads with adapters:                 9,653,209 (96.5%)
Reads written (passing filters):    10,000,000 (100.0%)

Total basepairs processed: 1,500,000,000 bp
Quality-trimmed:              22,866,680 bp (1.5%)
Total written (filtered):    433,204,620 bp (28.9%)

=== Adapter 1 ===

Sequence: AGATCGGAAGAGC; Type: regular 3'; Length: 13; Trimmed: 9653209 times

No. of allowed errors:
1-9 bp: 0; 10-13 bp: 1

Bases preceding removed adapters:
  A: 0.4%
  C: 76.3%
  G: 22.2%
  T: 0.3%
  none/other: 0.9%

Overview of removed sequences
length	count	expect	max.err	error counts
1	74650	2500000.0	0	74650
2	18158	625000.0	0	18158
3	8428	156250.0	0	8428
4	7314	39062.5	0	7314
5	8902	9765.6	0	8902
6	6475	2441.4	0	6475
7	12627	610.4	0	12627
8	6659	152.6	0	6659
9	5265	38.1	0	5244 21
10	5116	9.5	1	4929 187
11	5229	2.4	1	4994 235
12	5949	0.6	1	5808 141
13	5755	0.1	1	5551 204
14	6144	0.1	1	5948 196
15	6234	0.1	1	5952 282
16	6302	0.1	1	6043 259
17	7418	0.1	1	7020 398
18	5556	0.1	1	5364 192
19	7204	0.1	1	6983 221
20	6122	0.1	1	5820 302
21	8705	0.1	1	8208 497
22	6691	0.1	1	6475 216
23	7156	0.1	1	6941 215
24	8339	0.1	1	8122 217
25	6906	0.1	1	6634 272
26	6494	0.1	1	6311 183
27	6596	0.1	1	6361 235
28	8229	0.1	1	7758 471
29	9339	0.1	1	8933 406
30	8874	0.1	1	8674 200
31	8377	0.1	1	8144 233
32	8764	0.1	1	8427 337
33	8390	0.1	1	8181 209
34	10450	0.1	1	10024 426
35	10155	0.1	1	9789 366
36	10561	0.1	1	10121 440
37	15230	0.1	1	14607 623
38	12912	0.1	1	12456 456
39	15318	0.1	1	14644 674
40	12472	0.1	1	12109 363
41	13452	0.1	1	12932 520
42	16061	0.1	1	15156 905
43	20562	0.1	1	19062 1500
44	79917	0.1	1	77181 2736
45	25177	0.1	1	23349 1828
46	97040	0.1	1	94655 2385
47	56378	0.1	1	54162 2216
48	45783	0.1	1	43804 1979
49	124973	0.1	1	123191 1782
50	37396	0.1	1	35936 1460
51	103690	0.1	1	102231 1459
52	21549	0.1	1	21072 477
53	7850	0.1	1	7536 314
54	8071	0.1	1	7760 311
55	2000	0.1	1	1675 325
56	20040	0.1	1	19662 378
57	1998	0.1	1	1769 229
58	12798	0.1	1	12113 685
59	37479	0.1	1	36840 639
60	4210	0.1	1	3735 475
61	18877	0.1	1	18333 544
62	16420	0.1	1	16045 375
63	2385	0.1	1	2139 246
64	15132	0.1	1	14525 607
65	28763	0.1	1	27970 793
66	32427	0.1	1	31879 548
67	3158	0.1	1	2979 179
68	7507	0.1	1	7198 309
69	14681	0.1	1	14249 432
70	22168	0.1	1	21638 530
71	23780	0.1	1	23216 564
72	19790	0.1	1	19457 333
73	8032	0.1	1	7863 169
74	5013	0.1	1	4630 383
75	14681	0.1	1	14070 611
76	28346	0.1	1	27504 842
77	36062	0.1	1	35054 1008
78	38345	0.1	1	37385 960
79	38538	0.1	1	37559 979
80	38793	0.1	1	37646 1147
81	39292	0.1	1	38040 1252
82	42853	0.1	1	41511 1342
83	50364	0.1	1	48965 1399
84	43064	0.1	1	41782 1282
85	40815	0.1	1	39644 1171
86	42913	0.1	1	41535 1378
87	39508	0.1	1	38138 1370
88	43912	0.1	1	42751 1161
89	45202	0.1	1	43854 1348
90	52320	0.1	1	50839 1481
91	60380	0.1	1	58728 1652
92	52271	0.1	1	50750 1521
93	59470	0.1	1	57922 1548
94	64444	0.1	1	62721 1723
95	74998	0.1	1	72756 2242
96	84336	0.1	1	82411 1925
97	76988	0.1	1	74904 2084
98	75515	0.1	1	73641 1874
99	76333	0.1	1	74012 2321
100	95065	0.1	1	92867 2198
101	138042	0.1	1	135167 2875
102	167546	0.1	1	163707 3839
103	117386	0.1	1	114692 2694
104	100657	0.1	1	97917 2740
105	98445	0.1	1	96173 2272
106	115278	0.1	1	112630 2648
107	134895	0.1	1	131678 3217
108	170793	0.1	1	167195 3598
109	135616	0.1	1	132293 3323
110	192466	0.1	1	188623 3843
111	234793	0.1	1	230106 4687
112	149187	0.1	1	145765 3422
113	154073	0.1	1	150878 3195
114	144375	0.1	1	141241 3134
115	152192	0.1	1	149058 3134
116	151669	0.1	1	148719 2950
117	151657	0.1	1	148446 3211
118	160580	0.1	1	157487 3093
119	133719	0.1	1	131084 2635
120	175710	0.1	1	172422 3288
121	160691	0.1	1	157703 2988
122	175604	0.1	1	172321 3283
123	202052	0.1	1	198291 3761
124	173467	0.1	1	170244 3223
125	158385	0.1	1	155269 3116
126	164209	0.1	1	161055 3154
127	158397	0.1	1	155408 2989
128	155720	0.1	1	152890 2830
129	165223	0.1	1	162222 3001
130	167375	0.1	1	164240 3135
131	182953	0.1	1	179527 3426
132	193063	0.1	1	189588 3475
133	171023	0.1	1	167705 3318
134	146414	0.1	1	143544 2870
135	92828	0.1	1	90813 2015
136	82020	0.1	1	80125 1895
137	67564	0.1	1	66042 1522
138	43136	0.1	1	41949 1187
139	23821	0.1	1	23161 660
140	8437	0.1	1	8137 300
141	3997	0.1	1	3817 180
142	4308	0.1	1	4115 193
143	8723	0.1	1	8431 292
144	9397	0.1	1	8987 410
145	52311	0.1	1	50530 1781
146	369713	0.1	1	360562 9151
147	131358	0.1	1	128007 3351
148	47179	0.1	1	45452 1727
149	75972	0.1	1	71449 4523
150	563960	0.1	1	114964 448996

RUN STATISTICS FOR INPUT FILE: mouse_45_trimmed_1.fastq.gz
=============================================
10000000 sequences processed in total

